00000000 00D01001 00000000 00000001 00000000 00000000 00000000 00000000 00000000 00000000 00000000 00000000 00000000 00000000 00000000 00000000 00000000 00000000
00000001 04DD1007 00000000 00000007 00000000 00000000 00000000 00000000 00000000 00000000 00000000 00000000 00000000 00000000 00000000 00000001 00000000 00000000
00000002 0E301020 00000000 00000020 00000000 00000000 00000000 00000000 00000000 00000000 00000000 00000000 00000000 00000000 00000000 00000080 00000000 00000000
00000003 0D100006 00000000 00000006 00000000 00000007 00000000 00000000 00000000 00000000 00000000 00000000 00000000 00000000 00000000 00000080 00000000 00000000
00000006 00DD1FFD 00000000 FFFFFFFD 00000000 00000007 00000000 00000000 00000000 00000000 00000000 00000000 00000000 00000000 00000000 00000080 00000000 00000004
00000007 0F9D1002 00000000 00000002 00000000 00000007 00000000 00000000 00000000 00000000 00000000 00000000 00000000 00000000 00000000 0000007D 00000000 00000004
00000008 0FFD1001 00000000 00000001 00000000 00000007 00000000 00000000 00000000 00000000 00000000 00000000 00000000 00000000 00000000 0000007D 00000000 00000004
00000009 0F3D1000 00000000 00000000 00000000 00000007 00000000 00000000 00000000 00000000 00000000 00000000 00000000 00000000 00000000 0000007D 00000000 00000004
0000000A 00501001 00000000 00000001 00000000 00000007 00000000 00000000 00000000 00000000 00000000 00000000 00000000 00000000 00000000 0000007D 00000000 00000004
0000000B 0A13500E 00000000 0000000E 00000000 00000007 00000000 00000001 00000000 00000000 00000000 00000000 00000000 00000000 00000000 0000007D 00000000 00000004
0000000E 01331001 00000000 00000001 00000000 00000007 00000000 00000001 00000000 00000000 00000000 00000000 00000000 00000000 00000000 0000007D 00000000 00000004
0000000F 0D100006 00000000 00000006 00000000 00000006 00000000 00000001 00000000 00000000 00000000 00000000 00000000 00000000 00000000 0000007D 00000000 00000004
00000006 00DD1FFD 00000000 FFFFFFFD 00000000 00000006 00000000 00000001 00000000 00000000 00000000 00000000 00000000 00000000 00000000 0000007D 00000000 00000010
00000007 0F9D1002 00000000 00000002 00000000 00000006 00000000 00000001 00000000 00000000 00000000 00000000 00000000 00000000 00000000 0000007A 00000000 00000010
00000008 0FFD1001 00000000 00000001 00000000 00000006 00000000 00000001 00000000 00000000 00000000 00000000 00000000 00000000 00000000 0000007A 00000000 00000010
00000009 0F3D1000 00000000 00000000 00000000 00000006 00000000 00000001 00000000 00000000 00000000 00000000 00000000 00000000 00000000 0000007A 00000000 00000010
0000000A 00501001 00000000 00000001 00000000 00000006 00000000 00000001 00000000 00000000 00000000 00000000 00000000 00000000 00000000 0000007A 00000000 00000010
0000000B 0A13500E 00000000 0000000E 00000000 00000006 00000000 00000001 00000000 00000000 00000000 00000000 00000000 00000000 00000000 0000007A 00000000 00000010
0000000E 01331001 00000000 00000001 00000000 00000006 00000000 00000001 00000000 00000000 00000000 00000000 00000000 00000000 00000000 0000007A 00000000 00000010
0000000F 0D100006 00000000 00000006 00000000 00000005 00000000 00000001 00000000 00000000 00000000 00000000 00000000 00000000 00000000 0000007A 00000000 00000010
00000006 00DD1FFD 00000000 FFFFFFFD 00000000 00000005 00000000 00000001 00000000 00000000 00000000 00000000 00000000 00000000 00000000 0000007A 00000000 00000010
00000007 0F9D1002 00000000 00000002 00000000 00000005 00000000 00000001 00000000 00000000 00000000 00000000 00000000 00000000 00000000 00000077 00000000 00000010
00000008 0FFD1001 00000000 00000001 00000000 00000005 00000000 00000001 00000000 00000000 00000000 00000000 00000000 00000000 00000000 00000077 00000000 00000010
00000009 0F3D1000 00000000 00000000 00000000 00000005 00000000 00000001 00000000 00000000 00000000 00000000 00000000 00000000 00000000 00000077 00000000 00000010
0000000A 00501001 00000000 00000001 00000000 00000005 00000000 00000001 00000000 00000000 00000000 00000000 00000000 00000000 00000000 00000077 00000000 00000010
0000000B 0A13500E 00000000 0000000E 00000000 00000005 00000000 00000001 00000000 00000000 00000000 00000000 00000000 00000000 00000000 00000077 00000000 00000010
0000000E 01331001 00000000 00000001 00000000 00000005 00000000 00000001 00000000 00000000 00000000 00000000 00000000 00000000 00000000 00000077 00000000 00000010
0000000F 0D100006 00000000 00000006 00000000 00000004 00000000 00000001 00000000 00000000 00000000 00000000 00000000 00000000 00000000 00000077 00000000 00000010
00000006 00DD1FFD 00000000 FFFFFFFD 00000000 00000004 00000000 00000001 00000000 00000000 00000000 00000000 00000000 00000000 00000000 00000077 00000000 00000010
00000007 0F9D1002 00000000 00000002 00000000 00000004 00000000 00000001 00000000 00000000 00000000 00000000 00000000 00000000 00000000 00000074 00000000 00000010
00000008 0FFD1001 00000000 00000001 00000000 00000004 00000000 00000001 00000000 00000000 00000000 00000000 00000000 00000000 00000000 00000074 00000000 00000010
00000009 0F3D1000 00000000 00000000 00000000 00000004 00000000 00000001 00000000 00000000 00000000 00000000 00000000 00000000 00000000 00000074 00000000 00000010
0000000A 00501001 00000000 00000001 00000000 00000004 00000000 00000001 00000000 00000000 00000000 00000000 00000000 00000000 00000000 00000074 00000000 00000010
0000000B 0A13500E 00000000 0000000E 00000000 00000004 00000000 00000001 00000000 00000000 00000000 00000000 00000000 00000000 00000000 00000074 00000000 00000010
0000000E 01331001 00000000 00000001 00000000 00000004 00000000 00000001 00000000 00000000 00000000 00000000 00000000 00000000 00000000 00000074 00000000 00000010
0000000F 0D100006 00000000 00000006 00000000 00000003 00000000 00000001 00000000 00000000 00000000 00000000 00000000 00000000 00000000 00000074 00000000 00000010
00000006 00DD1FFD 00000000 FFFFFFFD 00000000 00000003 00000000 00000001 00000000 00000000 00000000 00000000 00000000 00000000 00000000 00000074 00000000 00000010
00000007 0F9D1002 00000000 00000002 00000000 00000003 00000000 00000001 00000000 00000000 00000000 00000000 00000000 00000000 00000000 00000071 00000000 00000010
00000008 0FFD1001 00000000 00000001 00000000 00000003 00000000 00000001 00000000 00000000 00000000 00000000 00000000 00000000 00000000 00000071 00000000 00000010
00000009 0F3D1000 00000000 00000000 00000000 00000003 00000000 00000001 00000000 00000000 00000000 00000000 00000000 00000000 00000000 00000071 00000000 00000010
0000000A 00501001 00000000 00000001 00000000 00000003 00000000 00000001 00000000 00000000 00000000 00000000 00000000 00000000 00000000 00000071 00000000 00000010
0000000B 0A13500E 00000000 0000000E 00000000 00000003 00000000 00000001 00000000 00000000 00000000 00000000 00000000 00000000 00000000 00000071 00000000 00000010
0000000E 01331001 00000000 00000001 00000000 00000003 00000000 00000001 00000000 00000000 00000000 00000000 00000000 00000000 00000000 00000071 00000000 00000010
0000000F 0D100006 00000000 00000006 00000000 00000002 00000000 00000001 00000000 00000000 00000000 00000000 00000000 00000000 00000000 00000071 00000000 00000010
00000006 00DD1FFD 00000000 FFFFFFFD 00000000 00000002 00000000 00000001 00000000 00000000 00000000 00000000 00000000 00000000 00000000 00000071 00000000 00000010
00000007 0F9D1002 00000000 00000002 00000000 00000002 00000000 00000001 00000000 00000000 00000000 00000000 00000000 00000000 00000000 0000006E 00000000 00000010
00000008 0FFD1001 00000000 00000001 00000000 00000002 00000000 00000001 00000000 00000000 00000000 00000000 00000000 00000000 00000000 0000006E 00000000 00000010
00000009 0F3D1000 00000000 00000000 00000000 00000002 00000000 00000001 00000000 00000000 00000000 00000000 00000000 00000000 00000000 0000006E 00000000 00000010
0000000A 00501001 00000000 00000001 00000000 00000002 00000000 00000001 00000000 00000000 00000000 00000000 00000000 00000000 00000000 0000006E 00000000 00000010
0000000B 0A13500E 00000000 0000000E 00000000 00000002 00000000 00000001 00000000 00000000 00000000 00000000 00000000 00000000 00000000 0000006E 00000000 00000010
0000000E 01331001 00000000 00000001 00000000 00000002 00000000 00000001 00000000 00000000 00000000 00000000 00000000 00000000 00000000 0000006E 00000000 00000010
0000000F 0D100006 00000000 00000006 00000000 00000001 00000000 00000001 00000000 00000000 00000000 00000000 00000000 00000000 00000000 0000006E 00000000 00000010
00000006 00DD1FFD 00000000 FFFFFFFD 00000000 00000001 00000000 00000001 00000000 00000000 00000000 00000000 00000000 00000000 00000000 0000006E 00000000 00000010
00000007 0F9D1002 00000000 00000002 00000000 00000001 00000000 00000001 00000000 00000000 00000000 00000000 00000000 00000000 00000000 0000006B 00000000 00000010
00000008 0FFD1001 00000000 00000001 00000000 00000001 00000000 00000001 00000000 00000000 00000000 00000000 00000000 00000000 00000000 0000006B 00000000 00000010
00000009 0F3D1000 00000000 00000000 00000000 00000001 00000000 00000001 00000000 00000000 00000000 00000000 00000000 00000000 00000000 0000006B 00000000 00000010
0000000A 00501001 00000000 00000001 00000000 00000001 00000000 00000001 00000000 00000000 00000000 00000000 00000000 00000000 00000000 0000006B 00000000 00000010
0000000B 0A13500E 00000000 0000000E 00000000 00000001 00000000 00000001 00000000 00000000 00000000 00000000 00000000 00000000 00000000 0000006B 00000000 00000010
0000000C 00230000 00000000 00000000 00000000 00000001 00000000 00000001 00000000 00000000 00000000 00000000 00000000 00000000 00000000 0000006B 00000000 00000010
0000000D 07100018 00000000 00000018 00000001 00000001 00000000 00000001 00000000 00000000 00000000 00000000 00000000 00000000 00000000 0000006B 00000000 00000010
00000018 00DD1003 00000000 00000003 00000001 00000001 00000000 00000001 00000000 00000000 00000000 00000000 00000000 00000000 00000000 0000006B 00000000 00000010
00000019 07F00000 00000000 00000000 00000001 00000001 00000000 00000001 00000000 00000000 00000000 00000000 00000000 00000000 00000000 0000006E 00000000 00000010
00000010 00921000 00000000 00000000 00000001 00000001 00000000 00000001 00000000 00000000 00000000 00000000 00000000 00000000 00000000 0000006E 00000000 00000010
00000011 0E3D1000 00000000 00000000 00000001 00000001 00000000 00000001 00000000 00000000 00000000 00000001 00000000 00000000 00000000 0000006E 00000000 00000010
00000012 01331002 00000000 00000002 00000001 00000002 00000000 00000001 00000000 00000000 00000000 00000001 00000000 00000000 00000000 0000006E 00000000 00000010
00000013 0D100006 00000000 00000006 00000001 00000000 00000000 00000001 00000000 00000000 00000000 00000001 00000000 00000000 00000000 0000006E 00000000 00000010
00000006 00DD1FFD 00000000 FFFFFFFD 00000001 00000000 00000000 00000001 00000000 00000000 00000000 00000001 00000000 00000000 00000000 0000006E 00000000 00000014
00000007 0F9D1002 00000000 00000002 00000001 00000000 00000000 00000001 00000000 00000000 00000000 00000001 00000000 00000000 00000000 0000006B 00000000 00000014
00000008 0FFD1001 00000000 00000001 00000001 00000000 00000000 00000001 00000000 00000000 00000000 00000001 00000000 00000000 00000000 0000006B 00000000 00000014
00000009 0F3D1000 00000000 00000000 00000001 00000000 00000000 00000001 00000000 00000000 00000000 00000001 00000000 00000000 00000000 0000006B 00000000 00000014
0000000A 00501001 00000000 00000001 00000001 00000000 00000000 00000001 00000000 00000000 00000000 00000001 00000000 00000000 00000000 0000006B 00000000 00000014
0000000B 0A13500E 00000000 0000000E 00000001 00000000 00000000 00000001 00000000 00000000 00000000 00000001 00000000 00000000 00000000 0000006B 00000000 00000014
0000000C 00230000 00000000 00000000 00000001 00000000 00000000 00000001 00000000 00000000 00000000 00000001 00000000 00000000 00000000 0000006B 00000000 00000014
0000000D 07100018 00000000 00000018 00000000 00000000 00000000 00000001 00000000 00000000 00000000 00000001 00000000 00000000 00000000 0000006B 00000000 00000014
00000018 00DD1003 00000000 00000003 00000000 00000000 00000000 00000001 00000000 00000000 00000000 00000001 00000000 00000000 00000000 0000006B 00000000 00000014
00000019 07F00000 00000000 00000000 00000000 00000000 00000000 00000001 00000000 00000000 00000000 00000001 00000000 00000000 00000000 0000006E 00000000 00000014
00000014 00229000 00000000 00000000 00000000 00000000 00000000 00000001 00000000 00000000 00000000 00000001 00000000 00000000 00000000 0000006E 00000000 00000014
00000015 0E3D1000 00000000 00000000 00000001 00000000 00000000 00000001 00000000 00000000 00000000 00000001 00000000 00000000 00000000 0000006E 00000000 00000014
00000016 0EFD1001 00000000 00000001 00000001 00000002 00000000 00000001 00000000 00000000 00000000 00000001 00000000 00000000 00000000 0000006E 00000000 00000014
00000017 0E9D1002 00000000 00000002 00000001 00000002 00000000 00000001 00000000 00000000 00000000 00000001 00000000 00000000 00000000 0000006E 00000000 00000010
00000018 00DD1003 00000000 00000003 00000001 00000002 00000000 00000001 00000000 00000000 00000000 00000000 00000000 00000000 00000000 0000006E 00000000 00000010
00000019 07F00000 00000000 00000000 00000001 00000002 00000000 00000001 00000000 00000000 00000000 00000000 00000000 00000000 00000000 00000071 00000000 00000010
00000010 00921000 00000000 00000000 00000001 00000002 00000000 00000001 00000000 00000000 00000000 00000000 00000000 00000000 00000000 00000071 00000000 00000010
00000011 0E3D1000 00000000 00000000 00000001 00000002 00000000 00000001 00000000 00000000 00000000 00000001 00000000 00000000 00000000 00000071 00000000 00000010
00000012 01331002 00000000 00000002 00000001 00000003 00000000 00000001 00000000 00000000 00000000 00000001 00000000 00000000 00000000 00000071 00000000 00000010
00000013 0D100006 00000000 00000006 00000001 00000001 00000000 00000001 00000000 00000000 00000000 00000001 00000000 00000000 00000000 00000071 00000000 00000010
00000006 00DD1FFD 00000000 FFFFFFFD 00000001 00000001 00000000 00000001 00000000 00000000 00000000 00000001 00000000 00000000 00000000 00000071 00000000 00000014
00000007 0F9D1002 00000000 00000002 00000001 00000001 00000000 00000001 00000000 00000000 00000000 00000001 00000000 00000000 00000000 0000006E 00000000 00000014
00000008 0FFD1001 00000000 00000001 00000001 00000001 00000000 00000001 00000000 00000000 00000000 00000001 00000000 00000000 00000000 0000006E 00000000 00000014
00000009 0F3D1000 00000000 00000000 00000001 00000001 00000000 00000001 00000000 00000000 00000000 00000001 00000000 00000000 00000000 0000006E 00000000 00000014
0000000A 00501001 00000000 00000001 00000001 00000001 00000000 00000001 00000000 00000000 00000000 00000001 00000000 00000000 00000000 0000006E 00000000 00000014
0000000B 0A13500E 00000000 0000000E 00000001 00000001 00000000 00000001 00000000 00000000 00000000 00000001 00000000 00000000 00000000 0000006E 00000000 00000014
0000000C 00230000 00000000 00000000 00000001 00000001 00000000 00000001 00000000 00000000 00000000 00000001 00000000 00000000 00000000 0000006E 00000000 00000014
0000000D 07100018 00000000 00000018 00000001 00000001 00000000 00000001 00000000 00000000 00000000 00000001 00000000 00000000 00000000 0000006E 00000000 00000014
00000018 00DD1003 00000000 00000003 00000001 00000001 00000000 00000001 00000000 00000000 00000000 00000001 00000000 00000000 00000000 0000006E 00000000 00000014
00000019 07F00000 00000000 00000000 00000001 00000001 00000000 00000001 00000000 00000000 00000000 00000001 00000000 00000000 00000000 00000071 00000000 00000014
00000014 00229000 00000000 00000000 00000001 00000001 00000000 00000001 00000000 00000000 00000000 00000001 00000000 00000000 00000000 00000071 00000000 00000014
00000015 0E3D1000 00000000 00000000 00000002 00000001 00000000 00000001 00000000 00000000 00000000 00000001 00000000 00000000 00000000 00000071 00000000 00000014
00000016 0EFD1001 00000000 00000001 00000002 00000003 00000000 00000001 00000000 00000000 00000000 00000001 00000000 00000000 00000000 00000071 00000000 00000014
00000017 0E9D1002 00000000 00000002 00000002 00000003 00000000 00000001 00000000 00000000 00000000 00000001 00000000 00000000 00000000 00000071 00000000 00000010
00000018 00DD1003 00000000 00000003 00000002 00000003 00000000 00000001 00000000 00000000 00000000 00000000 00000000 00000000 00000000 00000071 00000000 00000010
00000019 07F00000 00000000 00000000 00000002 00000003 00000000 00000001 00000000 00000000 00000000 00000000 00000000 00000000 00000000 00000074 00000000 00000010
00000010 00921000 00000000 00000000 00000002 00000003 00000000 00000001 00000000 00000000 00000000 00000000 00000000 00000000 00000000 00000074 00000000 00000010
00000011 0E3D1000 00000000 00000000 00000002 00000003 00000000 00000001 00000000 00000000 00000000 00000002 00000000 00000000 00000000 00000074 00000000 00000010
00000012 01331002 00000000 00000002 00000002 00000004 00000000 00000001 00000000 00000000 00000000 00000002 00000000 00000000 00000000 00000074 00000000 00000010
00000013 0D100006 00000000 00000006 00000002 00000002 00000000 00000001 00000000 00000000 00000000 00000002 00000000 00000000 00000000 00000074 00000000 00000010
00000006 00DD1FFD 00000000 FFFFFFFD 00000002 00000002 00000000 00000001 00000000 00000000 00000000 00000002 00000000 00000000 00000000 00000074 00000000 00000014
00000007 0F9D1002 00000000 00000002 00000002 00000002 00000000 00000001 00000000 00000000 00000000 00000002 00000000 00000000 00000000 00000071 00000000 00000014
00000008 0FFD1001 00000000 00000001 00000002 00000002 00000000 00000001 00000000 00000000 00000000 00000002 00000000 00000000 00000000 00000071 00000000 00000014
00000009 0F3D1000 00000000 00000000 00000002 00000002 00000000 00000001 00000000 00000000 00000000 00000002 00000000 00000000 00000000 00000071 00000000 00000014
0000000A 00501001 00000000 00000001 00000002 00000002 00000000 00000001 00000000 00000000 00000000 00000002 00000000 00000000 00000000 00000071 00000000 00000014
0000000B 0A13500E 00000000 0000000E 00000002 00000002 00000000 00000001 00000000 00000000 00000000 00000002 00000000 00000000 00000000 00000071 00000000 00000014
0000000E 01331001 00000000 00000001 00000002 00000002 00000000 00000001 00000000 00000000 00000000 00000002 00000000 00000000 00000000 00000071 00000000 00000014
0000000F 0D100006 00000000 00000006 00000002 00000001 00000000 00000001 00000000 00000000 00000000 00000002 00000000 00000000 00000000 00000071 00000000 00000014
00000006 00DD1FFD 00000000 FFFFFFFD 00000002 00000001 00000000 00000001 00000000 00000000 00000000 00000002 00000000 00000000 00000000 00000071 00000000 00000010
00000007 0F9D1002 00000000 00000002 00000002 00000001 00000000 00000001 00000000 00000000 00000000 00000002 00000000 00000000 00000000 0000006E 00000000 00000010
00000008 0FFD1001 00000000 00000001 00000002 00000001 00000000 00000001 00000000 00000000 00000000 00000002 00000000 00000000 00000000 0000006E 00000000 00000010
00000009 0F3D1000 00000000 00000000 00000002 00000001 00000000 00000001 00000000 00000000 00000000 00000002 00000000 00000000 00000000 0000006E 00000000 00000010
0000000A 00501001 00000000 00000001 00000002 00000001 00000000 00000001 00000000 00000000 00000000 00000002 00000000 00000000 00000000 0000006E 00000000 00000010
0000000B 0A13500E 00000000 0000000E 00000002 00000001 00000000 00000001 00000000 00000000 00000000 00000002 00000000 00000000 00000000 0000006E 00000000 00000010
0000000C 00230000 00000000 00000000 00000002 00000001 00000000 00000001 00000000 00000000 00000000 00000002 00000000 00000000 00000000 0000006E 00000000 00000010
0000000D 07100018 00000000 00000018 00000001 00000001 00000000 00000001 00000000 00000000 00000000 00000002 00000000 00000000 00000000 0000006E 00000000 00000010
00000018 00DD1003 00000000 00000003 00000001 00000001 00000000 00000001 00000000 00000000 00000000 00000002 00000000 00000000 00000000 0000006E 00000000 00000010
00000019 07F00000 00000000 00000000 00000001 00000001 00000000 00000001 00000000 00000000 00000000 00000002 00000000 00000000 00000000 00000071 00000000 00000010
00000010 00921000 00000000 00000000 00000001 00000001 00000000 00000001 00000000 00000000 00000000 00000002 00000000 00000000 00000000 00000071 00000000 00000010
00000011 0E3D1000 00000000 00000000 00000001 00000001 00000000 00000001 00000000 00000000 00000000 00000001 00000000 00000000 00000000 00000071 00000000 00000010
00000012 01331002 00000000 00000002 00000001 00000002 00000000 00000001 00000000 00000000 00000000 00000001 00000000 00000000 00000000 00000071 00000000 00000010
00000013 0D100006 00000000 00000006 00000001 00000000 00000000 00000001 00000000 00000000 00000000 00000001 00000000 00000000 00000000 00000071 00000000 00000010
00000006 00DD1FFD 00000000 FFFFFFFD 00000001 00000000 00000000 00000001 00000000 00000000 00000000 00000001 00000000 00000000 00000000 00000071 00000000 00000014
00000007 0F9D1002 00000000 00000002 00000001 00000000 00000000 00000001 00000000 00000000 00000000 00000001 00000000 00000000 00000000 0000006E 00000000 00000014
00000008 0FFD1001 00000000 00000001 00000001 00000000 00000000 00000001 00000000 00000000 00000000 00000001 00000000 00000000 00000000 0000006E 00000000 00000014
00000009 0F3D1000 00000000 00000000 00000001 00000000 00000000 00000001 00000000 00000000 00000000 00000001 00000000 00000000 00000000 0000006E 00000000 00000014
0000000A 00501001 00000000 00000001 00000001 00000000 00000000 00000001 00000000 00000000 00000000 00000001 00000000 00000000 00000000 0000006E 00000000 00000014
0000000B 0A13500E 00000000 0000000E 00000001 00000000 00000000 00000001 00000000 00000000 00000000 00000001 00000000 00000000 00000000 0000006E 00000000 00000014
0000000C 00230000 00000000 00000000 00000001 00000000 00000000 00000001 00000000 00000000 00000000 00000001 00000000 00000000 00000000 0000006E 00000000 00000014
0000000D 07100018 00000000 00000018 00000000 00000000 00000000 00000001 00000000 00000000 00000000 00000001 00000000 00000000 00000000 0000006E 00000000 00000014
00000018 00DD1003 00000000 00000003 00000000 00000000 00000000 00000001 00000000 00000000 00000000 00000001 00000000 00000000 00000000 0000006E 00000000 00000014
00000019 07F00000 00000000 00000000 00000000 00000000 00000000 00000001 00000000 00000000 00000000 00000001 00000000 00000000 00000000 00000071 00000000 00000014
00000014 00229000 00000000 00000000 00000000 00000000 00000000 00000001 00000000 00000000 00000000 00000001 00000000 00000000 00000000 00000071 00000000 00000014
00000015 0E3D1000 00000000 00000000 00000001 00000000 00000000 00000001 00000000 00000000 00000000 00000001 00000000 00000000 00000000 00000071 00000000 00000014
00000016 0EFD1001 00000000 00000001 00000001 00000002 00000000 00000001 00000000 00000000 00000000 00000001 00000000 00000000 00000000 00000071 00000000 00000014
00000017 0E9D1002 00000000 00000002 00000001 00000002 00000000 00000001 00000000 00000000 00000000 00000001 00000000 00000000 00000000 00000071 00000000 00000014
00000018 00DD1003 00000000 00000003 00000001 00000002 00000000 00000001 00000000 00000000 00000000 00000002 00000000 00000000 00000000 00000071 00000000 00000014
00000019 07F00000 00000000 00000000 00000001 00000002 00000000 00000001 00000000 00000000 00000000 00000002 00000000 00000000 00000000 00000074 00000000 00000014
00000014 00229000 00000000 00000000 00000001 00000002 00000000 00000001 00000000 00000000 00000000 00000002 00000000 00000000 00000000 00000074 00000000 00000014
00000015 0E3D1000 00000000 00000000 00000003 00000002 00000000 00000001 00000000 00000000 00000000 00000002 00000000 00000000 00000000 00000074 00000000 00000014
00000016 0EFD1001 00000000 00000001 00000003 00000004 00000000 00000001 00000000 00000000 00000000 00000002 00000000 00000000 00000000 00000074 00000000 00000014
00000017 0E9D1002 00000000 00000002 00000003 00000004 00000000 00000001 00000000 00000000 00000000 00000002 00000000 00000000 00000000 00000074 00000000 00000010
00000018 00DD1003 00000000 00000003 00000003 00000004 00000000 00000001 00000000 00000000 00000000 00000000 00000000 00000000 00000000 00000074 00000000 00000010
00000019 07F00000 00000000 00000000 00000003 00000004 00000000 00000001 00000000 00000000 00000000 00000000 00000000 00000000 00000000 00000077 00000000 00000010
00000010 00921000 00000000 00000000 00000003 00000004 00000000 00000001 00000000 00000000 00000000 00000000 00000000 00000000 00000000 00000077 00000000 00000010
00000011 0E3D1000 00000000 00000000 00000003 00000004 00000000 00000001 00000000 00000000 00000000 00000003 00000000 00000000 00000000 00000077 00000000 00000010
00000012 01331002 00000000 00000002 00000003 00000005 00000000 00000001 00000000 00000000 00000000 00000003 00000000 00000000 00000000 00000077 00000000 00000010
00000013 0D100006 00000000 00000006 00000003 00000003 00000000 00000001 00000000 00000000 00000000 00000003 00000000 00000000 00000000 00000077 00000000 00000010
00000006 00DD1FFD 00000000 FFFFFFFD 00000003 00000003 00000000 00000001 00000000 00000000 00000000 00000003 00000000 00000000 00000000 00000077 00000000 00000014
00000007 0F9D1002 00000000 00000002 00000003 00000003 00000000 00000001 00000000 00000000 00000000 00000003 00000000 00000000 00000000 00000074 00000000 00000014
00000008 0FFD1001 00000000 00000001 00000003 00000003 00000000 00000001 00000000 00000000 00000000 00000003 00000000 00000000 00000000 00000074 00000000 00000014
00000009 0F3D1000 00000000 00000000 00000003 00000003 00000000 00000001 00000000 00000000 00000000 00000003 00000000 00000000 00000000 00000074 00000000 00000014
0000000A 00501001 00000000 00000001 00000003 00000003 00000000 00000001 00000000 00000000 00000000 00000003 00000000 00000000 00000000 00000074 00000000 00000014
0000000B 0A13500E 00000000 0000000E 00000003 00000003 00000000 00000001 00000000 00000000 00000000 00000003 00000000 00000000 00000000 00000074 00000000 00000014
0000000E 01331001 00000000 00000001 00000003 00000003 00000000 00000001 00000000 00000000 00000000 00000003 00000000 00000000 00000000 00000074 00000000 00000014
0000000F 0D100006 00000000 00000006 00000003 00000002 00000000 00000001 00000000 00000000 00000000 00000003 00000000 00000000 00000000 00000074 00000000 00000014
00000006 00DD1FFD 00000000 FFFFFFFD 00000003 00000002 00000000 00000001 00000000 00000000 00000000 00000003 00000000 00000000 00000000 00000074 00000000 00000010
00000007 0F9D1002 00000000 00000002 00000003 00000002 00000000 00000001 00000000 00000000 00000000 00000003 00000000 00000000 00000000 00000071 00000000 00000010
00000008 0FFD1001 00000000 00000001 00000003 00000002 00000000 00000001 00000000 00000000 00000000 00000003 00000000 00000000 00000000 00000071 00000000 00000010
00000009 0F3D1000 00000000 00000000 00000003 00000002 00000000 00000001 00000000 00000000 00000000 00000003 00000000 00000000 00000000 00000071 00000000 00000010
0000000A 00501001 00000000 00000001 00000003 00000002 00000000 00000001 00000000 00000000 00000000 00000003 00000000 00000000 00000000 00000071 00000000 00000010
0000000B 0A13500E 00000000 0000000E 00000003 00000002 00000000 00000001 00000000 00000000 00000000 00000003 00000000 00000000 00000000 00000071 00000000 00000010
0000000E 01331001 00000000 00000001 00000003 00000002 00000000 00000001 00000000 00000000 00000000 00000003 00000000 00000000 00000000 00000071 00000000 00000010
0000000F 0D100006 00000000 00000006 00000003 00000001 00000000 00000001 00000000 00000000 00000000 00000003 00000000 00000000 00000000 00000071 00000000 00000010
00000006 00DD1FFD 00000000 FFFFFFFD 00000003 00000001 00000000 00000001 00000000 00000000 00000000 00000003 00000000 00000000 00000000 00000071 00000000 00000010
00000007 0F9D1002 00000000 00000002 00000003 00000001 00000000 00000001 00000000 00000000 00000000 00000003 00000000 00000000 00000000 0000006E 00000000 00000010
00000008 0FFD1001 00000000 00000001 00000003 00000001 00000000 00000001 00000000 00000000 00000000 00000003 00000000 00000000 00000000 0000006E 00000000 00000010
00000009 0F3D1000 00000000 00000000 00000003 00000001 00000000 00000001 00000000 00000000 00000000 00000003 00000000 00000000 00000000 0000006E 00000000 00000010
0000000A 00501001 00000000 00000001 00000003 00000001 00000000 00000001 00000000 00000000 00000000 00000003 00000000 00000000 00000000 0000006E 00000000 00000010
0000000B 0A13500E 00000000 0000000E 00000003 00000001 00000000 00000001 00000000 00000000 00000000 00000003 00000000 00000000 00000000 0000006E 00000000 00000010
0000000C 00230000 00000000 00000000 00000003 00000001 00000000 00000001 00000000 00000000 00000000 00000003 00000000 00000000 00000000 0000006E 00000000 00000010
0000000D 07100018 00000000 00000018 00000001 00000001 00000000 00000001 00000000 00000000 00000000 00000003 00000000 00000000 00000000 0000006E 00000000 00000010
00000018 00DD1003 00000000 00000003 00000001 00000001 00000000 00000001 00000000 00000000 00000000 00000003 00000000 00000000 00000000 0000006E 00000000 00000010
00000019 07F00000 00000000 00000000 00000001 00000001 00000000 00000001 00000000 00000000 00000000 00000003 00000000 00000000 00000000 00000071 00000000 00000010
00000010 00921000 00000000 00000000 00000001 00000001 00000000 00000001 00000000 00000000 00000000 00000003 00000000 00000000 00000000 00000071 00000000 00000010
00000011 0E3D1000 00000000 00000000 00000001 00000001 00000000 00000001 00000000 00000000 00000000 00000001 00000000 00000000 00000000 00000071 00000000 00000010
00000012 01331002 00000000 00000002 00000001 00000002 00000000 00000001 00000000 00000000 00000000 00000001 00000000 00000000 00000000 00000071 00000000 00000010
00000013 0D100006 00000000 00000006 00000001 00000000 00000000 00000001 00000000 00000000 00000000 00000001 00000000 00000000 00000000 00000071 00000000 00000010
00000006 00DD1FFD 00000000 FFFFFFFD 00000001 00000000 00000000 00000001 00000000 00000000 00000000 00000001 00000000 00000000 00000000 00000071 00000000 00000014
00000007 0F9D1002 00000000 00000002 00000001 00000000 00000000 00000001 00000000 00000000 00000000 00000001 00000000 00000000 00000000 0000006E 00000000 00000014
00000008 0FFD1001 00000000 00000001 00000001 00000000 00000000 00000001 00000000 00000000 00000000 00000001 00000000 00000000 00000000 0000006E 00000000 00000014
00000009 0F3D1000 00000000 00000000 00000001 00000000 00000000 00000001 00000000 00000000 00000000 00000001 00000000 00000000 00000000 0000006E 00000000 00000014
0000000A 00501001 00000000 00000001 00000001 00000000 00000000 00000001 00000000 00000000 00000000 00000001 00000000 00000000 00000000 0000006E 00000000 00000014
0000000B 0A13500E 00000000 0000000E 00000001 00000000 00000000 00000001 00000000 00000000 00000000 00000001 00000000 00000000 00000000 0000006E 00000000 00000014
0000000C 00230000 00000000 00000000 00000001 00000000 00000000 00000001 00000000 00000000 00000000 00000001 00000000 00000000 00000000 0000006E 00000000 00000014
0000000D 07100018 00000000 00000018 00000000 00000000 00000000 00000001 00000000 00000000 00000000 00000001 00000000 00000000 00000000 0000006E 00000000 00000014
00000018 00DD1003 00000000 00000003 00000000 00000000 00000000 00000001 00000000 00000000 00000000 00000001 00000000 00000000 00000000 0000006E 00000000 00000014
00000019 07F00000 00000000 00000000 00000000 00000000 00000000 00000001 00000000 00000000 00000000 00000001 00000000 00000000 00000000 00000071 00000000 00000014
00000014 00229000 00000000 00000000 00000000 00000000 00000000 00000001 00000000 00000000 00000000 00000001 00000000 00000000 00000000 00000071 00000000 00000014
00000015 0E3D1000 00000000 00000000 00000001 00000000 00000000 00000001 00000000 00000000 00000000 00000001 00000000 00000000 00000000 00000071 00000000 00000014
00000016 0EFD1001 00000000 00000001 00000001 00000002 00000000 00000001 00000000 00000000 00000000 00000001 00000000 00000000 00000000 00000071 00000000 00000014
00000017 0E9D1002 00000000 00000002 00000001 00000002 00000000 00000001 00000000 00000000 00000000 00000001 00000000 00000000 00000000 00000071 00000000 00000010
00000018 00DD1003 00000000 00000003 00000001 00000002 00000000 00000001 00000000 00000000 00000000 00000003 00000000 00000000 00000000 00000071 00000000 00000010
00000019 07F00000 00000000 00000000 00000001 00000002 00000000 00000001 00000000 00000000 00000000 00000003 00000000 00000000 00000000 00000074 00000000 00000010
00000010 00921000 00000000 00000000 00000001 00000002 00000000 00000001 00000000 00000000 00000000 00000003 00000000 00000000 00000000 00000074 00000000 00000010
00000011 0E3D1000 00000000 00000000 00000001 00000002 00000000 00000001 00000000 00000000 00000000 00000001 00000000 00000000 00000000 00000074 00000000 00000010
00000012 01331002 00000000 00000002 00000001 00000003 00000000 00000001 00000000 00000000 00000000 00000001 00000000 00000000 00000000 00000074 00000000 00000010
00000013 0D100006 00000000 00000006 00000001 00000001 00000000 00000001 00000000 00000000 00000000 00000001 00000000 00000000 00000000 00000074 00000000 00000010
00000006 00DD1FFD 00000000 FFFFFFFD 00000001 00000001 00000000 00000001 00000000 00000000 00000000 00000001 00000000 00000000 00000000 00000074 00000000 00000014
00000007 0F9D1002 00000000 00000002 00000001 00000001 00000000 00000001 00000000 00000000 00000000 00000001 00000000 00000000 00000000 00000071 00000000 00000014
00000008 0FFD1001 00000000 00000001 00000001 00000001 00000000 00000001 00000000 00000000 00000000 00000001 00000000 00000000 00000000 00000071 00000000 00000014
00000009 0F3D1000 00000000 00000000 00000001 00000001 00000000 00000001 00000000 00000000 00000000 00000001 00000000 00000000 00000000 00000071 00000000 00000014
0000000A 00501001 00000000 00000001 00000001 00000001 00000000 00000001 00000000 00000000 00000000 00000001 00000000 00000000 00000000 00000071 00000000 00000014
0000000B 0A13500E 00000000 0000000E 00000001 00000001 00000000 00000001 00000000 00000000 00000000 00000001 00000000 00000000 00000000 00000071 00000000 00000014
0000000C 00230000 00000000 00000000 00000001 00000001 00000000 00000001 00000000 00000000 00000000 00000001 00000000 00000000 00000000 00000071 00000000 00000014
0000000D 07100018 00000000 00000018 00000001 00000001 00000000 00000001 00000000 00000000 00000000 00000001 00000000 00000000 00000000 00000071 00000000 00000014
00000018 00DD1003 00000000 00000003 00000001 00000001 00000000 00000001 00000000 00000000 00000000 00000001 00000000 00000000 00000000 00000071 00000000 00000014
00000019 07F00000 00000000 00000000 00000001 00000001 00000000 00000001 00000000 00000000 00000000 00000001 00000000 00000000 00000000 00000074 00000000 00000014
00000014 00229000 00000000 00000000 00000001 00000001 00000000 00000001 00000000 00000000 00000000 00000001 00000000 00000000 00000000 00000074 00000000 00000014
00000015 0E3D1000 00000000 00000000 00000002 00000001 00000000 00000001 00000000 00000000 00000000 00000001 00000000 00000000 00000000 00000074 00000000 00000014
00000016 0EFD1001 00000000 00000001 00000002 00000003 00000000 00000001 00000000 00000000 00000000 00000001 00000000 00000000 00000000 00000074 00000000 00000014
00000017 0E9D1002 00000000 00000002 00000002 00000003 00000000 00000001 00000000 00000000 00000000 00000001 00000000 00000000 00000000 00000074 00000000 00000014
00000018 00DD1003 00000000 00000003 00000002 00000003 00000000 00000001 00000000 00000000 00000000 00000003 00000000 00000000 00000000 00000074 00000000 00000014
00000019 07F00000 00000000 00000000 00000002 00000003 00000000 00000001 00000000 00000000 00000000 00000003 00000000 00000000 00000000 00000077 00000000 00000014
00000014 00229000 00000000 00000000 00000002 00000003 00000000 00000001 00000000 00000000 00000000 00000003 00000000 00000000 00000000 00000077 00000000 00000014
00000015 0E3D1000 00000000 00000000 00000005 00000003 00000000 00000001 00000000 00000000 00000000 00000003 00000000 00000000 00000000 00000077 00000000 00000014
00000016 0EFD1001 00000000 00000001 00000005 00000005 00000000 00000001 00000000 00000000 00000000 00000003 00000000 00000000 00000000 00000077 00000000 00000014
00000017 0E9D1002 00000000 00000002 00000005 00000005 00000000 00000001 00000000 00000000 00000000 00000003 00000000 00000000 00000000 00000077 00000000 00000010
00000018 00DD1003 00000000 00000003 00000005 00000005 00000000 00000001 00000000 00000000 00000000 00000000 00000000 00000000 00000000 00000077 00000000 00000010
00000019 07F00000 00000000 00000000 00000005 00000005 00000000 00000001 00000000 00000000 00000000 00000000 00000000 00000000 00000000 0000007A 00000000 00000010
00000010 00921000 00000000 00000000 00000005 00000005 00000000 00000001 00000000 00000000 00000000 00000000 00000000 00000000 00000000 0000007A 00000000 00000010
00000011 0E3D1000 00000000 00000000 00000005 00000005 00000000 00000001 00000000 00000000 00000000 00000005 00000000 00000000 00000000 0000007A 00000000 00000010
00000012 01331002 00000000 00000002 00000005 00000006 00000000 00000001 00000000 00000000 00000000 00000005 00000000 00000000 00000000 0000007A 00000000 00000010
00000013 0D100006 00000000 00000006 00000005 00000004 00000000 00000001 00000000 00000000 00000000 00000005 00000000 00000000 00000000 0000007A 00000000 00000010
00000006 00DD1FFD 00000000 FFFFFFFD 00000005 00000004 00000000 00000001 00000000 00000000 00000000 00000005 00000000 00000000 00000000 0000007A 00000000 00000014
00000007 0F9D1002 00000000 00000002 00000005 00000004 00000000 00000001 00000000 00000000 00000000 00000005 00000000 00000000 00000000 00000077 00000000 00000014
00000008 0FFD1001 00000000 00000001 00000005 00000004 00000000 00000001 00000000 00000000 00000000 00000005 00000000 00000000 00000000 00000077 00000000 00000014
00000009 0F3D1000 00000000 00000000 00000005 00000004 00000000 00000001 00000000 00000000 00000000 00000005 00000000 00000000 00000000 00000077 00000000 00000014
0000000A 00501001 00000000 00000001 00000005 00000004 00000000 00000001 00000000 00000000 00000000 00000005 00000000 00000000 00000000 00000077 00000000 00000014
0000000B 0A13500E 00000000 0000000E 00000005 00000004 00000000 00000001 00000000 00000000 00000000 00000005 00000000 00000000 00000000 00000077 00000000 00000014
0000000E 01331001 00000000 00000001 00000005 00000004 00000000 00000001 00000000 00000000 00000000 00000005 00000000 00000000 00000000 00000077 00000000 00000014
0000000F 0D100006 00000000 00000006 00000005 00000003 00000000 00000001 00000000 00000000 00000000 00000005 00000000 00000000 00000000 00000077 00000000 00000014
00000006 00DD1FFD 00000000 FFFFFFFD 00000005 00000003 00000000 00000001 00000000 00000000 00000000 00000005 00000000 00000000 00000000 00000077 00000000 00000010
00000007 0F9D1002 00000000 00000002 00000005 00000003 00000000 00000001 00000000 00000000 00000000 00000005 00000000 00000000 00000000 00000074 00000000 00000010
00000008 0FFD1001 00000000 00000001 00000005 00000003 00000000 00000001 00000000 00000000 00000000 00000005 00000000 00000000 00000000 00000074 00000000 00000010
00000009 0F3D1000 00000000 00000000 00000005 00000003 00000000 00000001 00000000 00000000 00000000 00000005 00000000 00000000 00000000 00000074 00000000 00000010
0000000A 00501001 00000000 00000001 00000005 00000003 00000000 00000001 00000000 00000000 00000000 00000005 00000000 00000000 00000000 00000074 00000000 00000010
0000000B 0A13500E 00000000 0000000E 00000005 00000003 00000000 00000001 00000000 00000000 00000000 00000005 00000000 00000000 00000000 00000074 00000000 00000010
0000000E 01331001 00000000 00000001 00000005 00000003 00000000 00000001 00000000 00000000 00000000 00000005 00000000 00000000 00000000 00000074 00000000 00000010
0000000F 0D100006 00000000 00000006 00000005 00000002 00000000 00000001 00000000 00000000 00000000 00000005 00000000 00000000 00000000 00000074 00000000 00000010
00000006 00DD1FFD 00000000 FFFFFFFD 00000005 00000002 00000000 00000001 00000000 00000000 00000000 00000005 00000000 00000000 00000000 00000074 00000000 00000010
00000007 0F9D1002 00000000 00000002 00000005 00000002 00000000 00000001 00000000 00000000 00000000 00000005 00000000 00000000 00000000 00000071 00000000 00000010
00000008 0FFD1001 00000000 00000001 00000005 00000002 00000000 00000001 00000000 00000000 00000000 00000005 00000000 00000000 00000000 00000071 00000000 00000010
00000009 0F3D1000 00000000 00000000 00000005 00000002 00000000 00000001 00000000 00000000 00000000 00000005 00000000 00000000 00000000 00000071 00000000 00000010
0000000A 00501001 00000000 00000001 00000005 00000002 00000000 00000001 00000000 00000000 00000000 00000005 00000000 00000000 00000000 00000071 00000000 00000010
0000000B 0A13500E 00000000 0000000E 00000005 00000002 00000000 00000001 00000000 00000000 00000000 00000005 00000000 00000000 00000000 00000071 00000000 00000010
0000000E 01331001 00000000 00000001 00000005 00000002 00000000 00000001 00000000 00000000 00000000 00000005 00000000 00000000 00000000 00000071 00000000 00000010
0000000F 0D100006 00000000 00000006 00000005 00000001 00000000 00000001 00000000 00000000 00000000 00000005 00000000 00000000 00000000 00000071 00000000 00000010
00000006 00DD1FFD 00000000 FFFFFFFD 00000005 00000001 00000000 00000001 00000000 00000000 00000000 00000005 00000000 00000000 00000000 00000071 00000000 00000010
00000007 0F9D1002 00000000 00000002 00000005 00000001 00000000 00000001 00000000 00000000 00000000 00000005 00000000 00000000 00000000 0000006E 00000000 00000010
00000008 0FFD1001 00000000 00000001 00000005 00000001 00000000 00000001 00000000 00000000 00000000 00000005 00000000 00000000 00000000 0000006E 00000000 00000010
00000009 0F3D1000 00000000 00000000 00000005 00000001 00000000 00000001 00000000 00000000 00000000 00000005 00000000 00000000 00000000 0000006E 00000000 00000010
0000000A 00501001 00000000 00000001 00000005 00000001 00000000 00000001 00000000 00000000 00000000 00000005 00000000 00000000 00000000 0000006E 00000000 00000010
0000000B 0A13500E 00000000 0000000E 00000005 00000001 00000000 00000001 00000000 00000000 00000000 00000005 00000000 00000000 00000000 0000006E 00000000 00000010
0000000C 00230000 00000000 00000000 00000005 00000001 00000000 00000001 00000000 00000000 00000000 00000005 00000000 00000000 00000000 0000006E 00000000 00000010
0000000D 07100018 00000000 00000018 00000001 00000001 00000000 00000001 00000000 00000000 00000000 00000005 00000000 00000000 00000000 0000006E 00000000 00000010
00000018 00DD1003 00000000 00000003 00000001 00000001 00000000 00000001 00000000 00000000 00000000 00000005 00000000 00000000 00000000 0000006E 00000000 00000010
00000019 07F00000 00000000 00000000 00000001 00000001 00000000 00000001 00000000 00000000 00000000 00000005 00000000 00000000 00000000 00000071 00000000 00000010
00000010 00921000 00000000 00000000 00000001 00000001 00000000 00000001 00000000 00000000 00000000 00000005 00000000 00000000 00000000 00000071 00000000 00000010
00000011 0E3D1000 00000000 00000000 00000001 00000001 00000000 00000001 00000000 00000000 00000000 00000001 00000000 00000000 00000000 00000071 00000000 00000010
00000012 01331002 00000000 00000002 00000001 00000002 00000000 00000001 00000000 00000000 00000000 00000001 00000000 00000000 00000000 00000071 00000000 00000010
00000013 0D100006 00000000 00000006 00000001 00000000 00000000 00000001 00000000 00000000 00000000 00000001 00000000 00000000 00000000 00000071 00000000 00000010
00000006 00DD1FFD 00000000 FFFFFFFD 00000001 00000000 00000000 00000001 00000000 00000000 00000000 00000001 00000000 00000000 00000000 00000071 00000000 00000014
00000007 0F9D1002 00000000 00000002 00000001 00000000 00000000 00000001 00000000 00000000 00000000 00000001 00000000 00000000 00000000 0000006E 00000000 00000014
00000008 0FFD1001 00000000 00000001 00000001 00000000 00000000 00000001 00000000 00000000 00000000 00000001 00000000 00000000 00000000 0000006E 00000000 00000014
00000009 0F3D1000 00000000 00000000 00000001 00000000 00000000 00000001 00000000 00000000 00000000 00000001 00000000 00000000 00000000 0000006E 00000000 00000014
0000000A 00501001 00000000 00000001 00000001 00000000 00000000 00000001 00000000 00000000 00000000 00000001 00000000 00000000 00000000 0000006E 00000000 00000014
0000000B 0A13500E 00000000 0000000E 00000001 00000000 00000000 00000001 00000000 00000000 00000000 00000001 00000000 00000000 00000000 0000006E 00000000 00000014
0000000C 00230000 00000000 00000000 00000001 00000000 00000000 00000001 00000000 00000000 00000000 00000001 00000000 00000000 00000000 0000006E 00000000 00000014
0000000D 07100018 00000000 00000018 00000000 00000000 00000000 00000001 00000000 00000000 00000000 00000001 00000000 00000000 00000000 0000006E 00000000 00000014
00000018 00DD1003 00000000 00000003 00000000 00000000 00000000 00000001 00000000 00000000 00000000 00000001 00000000 00000000 00000000 0000006E 00000000 00000014
00000019 07F00000 00000000 00000000 00000000 00000000 00000000 00000001 00000000 00000000 00000000 00000001 00000000 00000000 00000000 00000071 00000000 00000014
00000014 00229000 00000000 00000000 00000000 00000000 00000000 00000001 00000000 00000000 00000000 00000001 00000000 00000000 00000000 00000071 00000000 00000014
00000015 0E3D1000 00000000 00000000 00000001 00000000 00000000 00000001 00000000 00000000 00000000 00000001 00000000 00000000 00000000 00000071 00000000 00000014
00000016 0EFD1001 00000000 00000001 00000001 00000002 00000000 00000001 00000000 00000000 00000000 00000001 00000000 00000000 00000000 00000071 00000000 00000014
00000017 0E9D1002 00000000 00000002 00000001 00000002 00000000 00000001 00000000 00000000 00000000 00000001 00000000 00000000 00000000 00000071 00000000 00000010
00000018 00DD1003 00000000 00000003 00000001 00000002 00000000 00000001 00000000 00000000 00000000 00000005 00000000 00000000 00000000 00000071 00000000 00000010
00000019 07F00000 00000000 00000000 00000001 00000002 00000000 00000001 00000000 00000000 00000000 00000005 00000000 00000000 00000000 00000074 00000000 00000010
00000010 00921000 00000000 00000000 00000001 00000002 00000000 00000001 00000000 00000000 00000000 00000005 00000000 00000000 00000000 00000074 00000000 00000010
00000011 0E3D1000 00000000 00000000 00000001 00000002 00000000 00000001 00000000 00000000 00000000 00000001 00000000 00000000 00000000 00000074 00000000 00000010
00000012 01331002 00000000 00000002 00000001 00000003 00000000 00000001 00000000 00000000 00000000 00000001 00000000 00000000 00000000 00000074 00000000 00000010
00000013 0D100006 00000000 00000006 00000001 00000001 00000000 00000001 00000000 00000000 00000000 00000001 00000000 00000000 00000000 00000074 00000000 00000010
00000006 00DD1FFD 00000000 FFFFFFFD 00000001 00000001 00000000 00000001 00000000 00000000 00000000 00000001 00000000 00000000 00000000 00000074 00000000 00000014
00000007 0F9D1002 00000000 00000002 00000001 00000001 00000000 00000001 00000000 00000000 00000000 00000001 00000000 00000000 00000000 00000071 00000000 00000014
00000008 0FFD1001 00000000 00000001 00000001 00000001 00000000 00000001 00000000 00000000 00000000 00000001 00000000 00000000 00000000 00000071 00000000 00000014
00000009 0F3D1000 00000000 00000000 00000001 00000001 00000000 00000001 00000000 00000000 00000000 00000001 00000000 00000000 00000000 00000071 00000000 00000014
0000000A 00501001 00000000 00000001 00000001 00000001 00000000 00000001 00000000 00000000 00000000 00000001 00000000 00000000 00000000 00000071 00000000 00000014
0000000B 0A13500E 00000000 0000000E 00000001 00000001 00000000 00000001 00000000 00000000 00000000 00000001 00000000 00000000 00000000 00000071 00000000 00000014
0000000C 00230000 00000000 00000000 00000001 00000001 00000000 00000001 00000000 00000000 00000000 00000001 00000000 00000000 00000000 00000071 00000000 00000014
0000000D 07100018 00000000 00000018 00000001 00000001 00000000 00000001 00000000 00000000 00000000 00000001 00000000 00000000 00000000 00000071 00000000 00000014
00000018 00DD1003 00000000 00000003 00000001 00000001 00000000 00000001 00000000 00000000 00000000 00000001 00000000 00000000 00000000 00000071 00000000 00000014
00000019 07F00000 00000000 00000000 00000001 00000001 00000000 00000001 00000000 00000000 00000000 00000001 00000000 00000000 00000000 00000074 00000000 00000014
00000014 00229000 00000000 00000000 00000001 00000001 00000000 00000001 00000000 00000000 00000000 00000001 00000000 00000000 00000000 00000074 00000000 00000014
00000015 0E3D1000 00000000 00000000 00000002 00000001 00000000 00000001 00000000 00000000 00000000 00000001 00000000 00000000 00000000 00000074 00000000 00000014
00000016 0EFD1001 00000000 00000001 00000002 00000003 00000000 00000001 00000000 00000000 00000000 00000001 00000000 00000000 00000000 00000074 00000000 00000014
00000017 0E9D1002 00000000 00000002 00000002 00000003 00000000 00000001 00000000 00000000 00000000 00000001 00000000 00000000 00000000 00000074 00000000 00000010
00000018 00DD1003 00000000 00000003 00000002 00000003 00000000 00000001 00000000 00000000 00000000 00000005 00000000 00000000 00000000 00000074 00000000 00000010
00000019 07F00000 00000000 00000000 00000002 00000003 00000000 00000001 00000000 00000000 00000000 00000005 00000000 00000000 00000000 00000077 00000000 00000010
00000010 00921000 00000000 00000000 00000002 00000003 00000000 00000001 00000000 00000000 00000000 00000005 00000000 00000000 00000000 00000077 00000000 00000010
00000011 0E3D1000 00000000 00000000 00000002 00000003 00000000 00000001 00000000 00000000 00000000 00000002 00000000 00000000 00000000 00000077 00000000 00000010
00000012 01331002 00000000 00000002 00000002 00000004 00000000 00000001 00000000 00000000 00000000 00000002 00000000 00000000 00000000 00000077 00000000 00000010
00000013 0D100006 00000000 00000006 00000002 00000002 00000000 00000001 00000000 00000000 00000000 00000002 00000000 00000000 00000000 00000077 00000000 00000010
00000006 00DD1FFD 00000000 FFFFFFFD 00000002 00000002 00000000 00000001 00000000 00000000 00000000 00000002 00000000 00000000 00000000 00000077 00000000 00000014
00000007 0F9D1002 00000000 00000002 00000002 00000002 00000000 00000001 00000000 00000000 00000000 00000002 00000000 00000000 00000000 00000074 00000000 00000014
00000008 0FFD1001 00000000 00000001 00000002 00000002 00000000 00000001 00000000 00000000 00000000 00000002 00000000 00000000 00000000 00000074 00000000 00000014
00000009 0F3D1000 00000000 00000000 00000002 00000002 00000000 00000001 00000000 00000000 00000000 00000002 00000000 00000000 00000000 00000074 00000000 00000014
0000000A 00501001 00000000 00000001 00000002 00000002 00000000 00000001 00000000 00000000 00000000 00000002 00000000 00000000 00000000 00000074 00000000 00000014
0000000B 0A13500E 00000000 0000000E 00000002 00000002 00000000 00000001 00000000 00000000 00000000 00000002 00000000 00000000 00000000 00000074 00000000 00000014
0000000E 01331001 00000000 00000001 00000002 00000002 00000000 00000001 00000000 00000000 00000000 00000002 00000000 00000000 00000000 00000074 00000000 00000014
0000000F 0D100006 00000000 00000006 00000002 00000001 00000000 00000001 00000000 00000000 00000000 00000002 00000000 00000000 00000000 00000074 00000000 00000014
00000006 00DD1FFD 00000000 FFFFFFFD 00000002 00000001 00000000 00000001 00000000 00000000 00000000 00000002 00000000 00000000 00000000 00000074 00000000 00000010
00000007 0F9D1002 00000000 00000002 00000002 00000001 00000000 00000001 00000000 00000000 00000000 00000002 00000000 00000000 00000000 00000071 00000000 00000010
00000008 0FFD1001 00000000 00000001 00000002 00000001 00000000 00000001 00000000 00000000 00000000 00000002 00000000 00000000 00000000 00000071 00000000 00000010
00000009 0F3D1000 00000000 00000000 00000002 00000001 00000000 00000001 00000000 00000000 00000000 00000002 00000000 00000000 00000000 00000071 00000000 00000010
0000000A 00501001 00000000 00000001 00000002 00000001 00000000 00000001 00000000 00000000 00000000 00000002 00000000 00000000 00000000 00000071 00000000 00000010
0000000B 0A13500E 00000000 0000000E 00000002 00000001 00000000 00000001 00000000 00000000 00000000 00000002 00000000 00000000 00000000 00000071 00000000 00000010
0000000C 00230000 00000000 00000000 00000002 00000001 00000000 00000001 00000000 00000000 00000000 00000002 00000000 00000000 00000000 00000071 00000000 00000010
0000000D 07100018 00000000 00000018 00000001 00000001 00000000 00000001 00000000 00000000 00000000 00000002 00000000 00000000 00000000 00000071 00000000 00000010
00000018 00DD1003 00000000 00000003 00000001 00000001 00000000 00000001 00000000 00000000 00000000 00000002 00000000 00000000 00000000 00000071 00000000 00000010
00000019 07F00000 00000000 00000000 00000001 00000001 00000000 00000001 00000000 00000000 00000000 00000002 00000000 00000000 00000000 00000074 00000000 00000010
00000010 00921000 00000000 00000000 00000001 00000001 00000000 00000001 00000000 00000000 00000000 00000002 00000000 00000000 00000000 00000074 00000000 00000010
00000011 0E3D1000 00000000 00000000 00000001 00000001 00000000 00000001 00000000 00000000 00000000 00000001 00000000 00000000 00000000 00000074 00000000 00000010
00000012 01331002 00000000 00000002 00000001 00000002 00000000 00000001 00000000 00000000 00000000 00000001 00000000 00000000 00000000 00000074 00000000 00000010
00000013 0D100006 00000000 00000006 00000001 00000000 00000000 00000001 00000000 00000000 00000000 00000001 00000000 00000000 00000000 00000074 00000000 00000010
00000006 00DD1FFD 00000000 FFFFFFFD 00000001 00000000 00000000 00000001 00000000 00000000 00000000 00000001 00000000 00000000 00000000 00000074 00000000 00000014
00000007 0F9D1002 00000000 00000002 00000001 00000000 00000000 00000001 00000000 00000000 00000000 00000001 00000000 00000000 00000000 00000071 00000000 00000014
00000008 0FFD1001 00000000 00000001 00000001 00000000 00000000 00000001 00000000 00000000 00000000 00000001 00000000 00000000 00000000 00000071 00000000 00000014
00000009 0F3D1000 00000000 00000000 00000001 00000000 00000000 00000001 00000000 00000000 00000000 00000001 00000000 00000000 00000000 00000071 00000000 00000014
0000000A 00501001 00000000 00000001 00000001 00000000 00000000 00000001 00000000 00000000 00000000 00000001 00000000 00000000 00000000 00000071 00000000 00000014
0000000B 0A13500E 00000000 0000000E 00000001 00000000 00000000 00000001 00000000 00000000 00000000 00000001 00000000 00000000 00000000 00000071 00000000 00000014
0000000C 00230000 00000000 00000000 00000001 00000000 00000000 00000001 00000000 00000000 00000000 00000001 00000000 00000000 00000000 00000071 00000000 00000014
0000000D 07100018 00000000 00000018 00000000 00000000 00000000 00000001 00000000 00000000 00000000 00000001 00000000 00000000 00000000 00000071 00000000 00000014
00000018 00DD1003 00000000 00000003 00000000 00000000 00000000 00000001 00000000 00000000 00000000 00000001 00000000 00000000 00000000 00000071 00000000 00000014
00000019 07F00000 00000000 00000000 00000000 00000000 00000000 00000001 00000000 00000000 00000000 00000001 00000000 00000000 00000000 00000074 00000000 00000014
00000014 00229000 00000000 00000000 00000000 00000000 00000000 00000001 00000000 00000000 00000000 00000001 00000000 00000000 00000000 00000074 00000000 00000014
00000015 0E3D1000 00000000 00000000 00000001 00000000 00000000 00000001 00000000 00000000 00000000 00000001 00000000 00000000 00000000 00000074 00000000 00000014
00000016 0EFD1001 00000000 00000001 00000001 00000002 00000000 00000001 00000000 00000000 00000000 00000001 00000000 00000000 00000000 00000074 00000000 00000014
00000017 0E9D1002 00000000 00000002 00000001 00000002 00000000 00000001 00000000 00000000 00000000 00000001 00000000 00000000 00000000 00000074 00000000 00000014
00000018 00DD1003 00000000 00000003 00000001 00000002 00000000 00000001 00000000 00000000 00000000 00000002 00000000 00000000 00000000 00000074 00000000 00000014
00000019 07F00000 00000000 00000000 00000001 00000002 00000000 00000001 00000000 00000000 00000000 00000002 00000000 00000000 00000000 00000077 00000000 00000014
00000014 00229000 00000000 00000000 00000001 00000002 00000000 00000001 00000000 00000000 00000000 00000002 00000000 00000000 00000000 00000077 00000000 00000014
00000015 0E3D1000 00000000 00000000 00000003 00000002 00000000 00000001 00000000 00000000 00000000 00000002 00000000 00000000 00000000 00000077 00000000 00000014
00000016 0EFD1001 00000000 00000001 00000003 00000004 00000000 00000001 00000000 00000000 00000000 00000002 00000000 00000000 00000000 00000077 00000000 00000014
00000017 0E9D1002 00000000 00000002 00000003 00000004 00000000 00000001 00000000 00000000 00000000 00000002 00000000 00000000 00000000 00000077 00000000 00000014
00000018 00DD1003 00000000 00000003 00000003 00000004 00000000 00000001 00000000 00000000 00000000 00000005 00000000 00000000 00000000 00000077 00000000 00000014
00000019 07F00000 00000000 00000000 00000003 00000004 00000000 00000001 00000000 00000000 00000000 00000005 00000000 00000000 00000000 0000007A 00000000 00000014
00000014 00229000 00000000 00000000 00000003 00000004 00000000 00000001 00000000 00000000 00000000 00000005 00000000 00000000 00000000 0000007A 00000000 00000014
00000015 0E3D1000 00000000 00000000 00000008 00000004 00000000 00000001 00000000 00000000 00000000 00000005 00000000 00000000 00000000 0000007A 00000000 00000014
00000016 0EFD1001 00000000 00000001 00000008 00000006 00000000 00000001 00000000 00000000 00000000 00000005 00000000 00000000 00000000 0000007A 00000000 00000014
00000017 0E9D1002 00000000 00000002 00000008 00000006 00000000 00000001 00000000 00000000 00000000 00000005 00000000 00000000 00000000 0000007A 00000000 00000010
00000018 00DD1003 00000000 00000003 00000008 00000006 00000000 00000001 00000000 00000000 00000000 00000000 00000000 00000000 00000000 0000007A 00000000 00000010
00000019 07F00000 00000000 00000000 00000008 00000006 00000000 00000001 00000000 00000000 00000000 00000000 00000000 00000000 00000000 0000007D 00000000 00000010
00000010 00921000 00000000 00000000 00000008 00000006 00000000 00000001 00000000 00000000 00000000 00000000 00000000 00000000 00000000 0000007D 00000000 00000010
00000011 0E3D1000 00000000 00000000 00000008 00000006 00000000 00000001 00000000 00000000 00000000 00000008 00000000 00000000 00000000 0000007D 00000000 00000010
00000012 01331002 00000000 00000002 00000008 00000007 00000000 00000001 00000000 00000000 00000000 00000008 00000000 00000000 00000000 0000007D 00000000 00000010
00000013 0D100006 00000000 00000006 00000008 00000005 00000000 00000001 00000000 00000000 00000000 00000008 00000000 00000000 00000000 0000007D 00000000 00000010
00000006 00DD1FFD 00000000 FFFFFFFD 00000008 00000005 00000000 00000001 00000000 00000000 00000000 00000008 00000000 00000000 00000000 0000007D 00000000 00000014
00000007 0F9D1002 00000000 00000002 00000008 00000005 00000000 00000001 00000000 00000000 00000000 00000008 00000000 00000000 00000000 0000007A 00000000 00000014
00000008 0FFD1001 00000000 00000001 00000008 00000005 00000000 00000001 00000000 00000000 00000000 00000008 00000000 00000000 00000000 0000007A 00000000 00000014
00000009 0F3D1000 00000000 00000000 00000008 00000005 00000000 00000001 00000000 00000000 00000000 00000008 00000000 00000000 00000000 0000007A 00000000 00000014
0000000A 00501001 00000000 00000001 00000008 00000005 00000000 00000001 00000000 00000000 00000000 00000008 00000000 00000000 00000000 0000007A 00000000 00000014
0000000B 0A13500E 00000000 0000000E 00000008 00000005 00000000 00000001 00000000 00000000 00000000 00000008 00000000 00000000 00000000 0000007A 00000000 00000014
0000000E 01331001 00000000 00000001 00000008 00000005 00000000 00000001 00000000 00000000 00000000 00000008 00000000 00000000 00000000 0000007A 00000000 00000014
0000000F 0D100006 00000000 00000006 00000008 00000004 00000000 00000001 00000000 00000000 00000000 00000008 00000000 00000000 00000000 0000007A 00000000 00000014
00000006 00DD1FFD 00000000 FFFFFFFD 00000008 00000004 00000000 00000001 00000000 00000000 00000000 00000008 00000000 00000000 00000000 0000007A 00000000 00000010
00000007 0F9D1002 00000000 00000002 00000008 00000004 00000000 00000001 00000000 00000000 00000000 00000008 00000000 00000000 00000000 00000077 00000000 00000010
00000008 0FFD1001 00000000 00000001 00000008 00000004 00000000 00000001 00000000 00000000 00000000 00000008 00000000 00000000 00000000 00000077 00000000 00000010
00000009 0F3D1000 00000000 00000000 00000008 00000004 00000000 00000001 00000000 00000000 00000000 00000008 00000000 00000000 00000000 00000077 00000000 00000010
0000000A 00501001 00000000 00000001 00000008 00000004 00000000 00000001 00000000 00000000 00000000 00000008 00000000 00000000 00000000 00000077 00000000 00000010
0000000B 0A13500E 00000000 0000000E 00000008 00000004 00000000 00000001 00000000 00000000 00000000 00000008 00000000 00000000 00000000 00000077 00000000 00000010
0000000E 01331001 00000000 00000001 00000008 00000004 00000000 00000001 00000000 00000000 00000000 00000008 00000000 00000000 00000000 00000077 00000000 00000010
0000000F 0D100006 00000000 00000006 00000008 00000003 00000000 00000001 00000000 00000000 00000000 00000008 00000000 00000000 00000000 00000077 00000000 00000010
00000006 00DD1FFD 00000000 FFFFFFFD 00000008 00000003 00000000 00000001 00000000 00000000 00000000 00000008 00000000 00000000 00000000 00000077 00000000 00000010
00000007 0F9D1002 00000000 00000002 00000008 00000003 00000000 00000001 00000000 00000000 00000000 00000008 00000000 00000000 00000000 00000074 00000000 00000010
00000008 0FFD1001 00000000 00000001 00000008 00000003 00000000 00000001 00000000 00000000 00000000 00000008 00000000 00000000 00000000 00000074 00000000 00000010
00000009 0F3D1000 00000000 00000000 00000008 00000003 00000000 00000001 00000000 00000000 00000000 00000008 00000000 00000000 00000000 00000074 00000000 00000010
0000000A 00501001 00000000 00000001 00000008 00000003 00000000 00000001 00000000 00000000 00000000 00000008 00000000 00000000 00000000 00000074 00000000 00000010
0000000B 0A13500E 00000000 0000000E 00000008 00000003 00000000 00000001 00000000 00000000 00000000 00000008 00000000 00000000 00000000 00000074 00000000 00000010
0000000E 01331001 00000000 00000001 00000008 00000003 00000000 00000001 00000000 00000000 00000000 00000008 00000000 00000000 00000000 00000074 00000000 00000010
0000000F 0D100006 00000000 00000006 00000008 00000002 00000000 00000001 00000000 00000000 00000000 00000008 00000000 00000000 00000000 00000074 00000000 00000010
00000006 00DD1FFD 00000000 FFFFFFFD 00000008 00000002 00000000 00000001 00000000 00000000 00000000 00000008 00000000 00000000 00000000 00000074 00000000 00000010
00000007 0F9D1002 00000000 00000002 00000008 00000002 00000000 00000001 00000000 00000000 00000000 00000008 00000000 00000000 00000000 00000071 00000000 00000010
00000008 0FFD1001 00000000 00000001 00000008 00000002 00000000 00000001 00000000 00000000 00000000 00000008 00000000 00000000 00000000 00000071 00000000 00000010
00000009 0F3D1000 00000000 00000000 00000008 00000002 00000000 00000001 00000000 00000000 00000000 00000008 00000000 00000000 00000000 00000071 00000000 00000010
0000000A 00501001 00000000 00000001 00000008 00000002 00000000 00000001 00000000 00000000 00000000 00000008 00000000 00000000 00000000 00000071 00000000 00000010
0000000B 0A13500E 00000000 0000000E 00000008 00000002 00000000 00000001 00000000 00000000 00000000 00000008 00000000 00000000 00000000 00000071 00000000 00000010
0000000E 01331001 00000000 00000001 00000008 00000002 00000000 00000001 00000000 00000000 00000000 00000008 00000000 00000000 00000000 00000071 00000000 00000010
0000000F 0D100006 00000000 00000006 00000008 00000001 00000000 00000001 00000000 00000000 00000000 00000008 00000000 00000000 00000000 00000071 00000000 00000010
00000006 00DD1FFD 00000000 FFFFFFFD 00000008 00000001 00000000 00000001 00000000 00000000 00000000 00000008 00000000 00000000 00000000 00000071 00000000 00000010
00000007 0F9D1002 00000000 00000002 00000008 00000001 00000000 00000001 00000000 00000000 00000000 00000008 00000000 00000000 00000000 0000006E 00000000 00000010
00000008 0FFD1001 00000000 00000001 00000008 00000001 00000000 00000001 00000000 00000000 00000000 00000008 00000000 00000000 00000000 0000006E 00000000 00000010
00000009 0F3D1000 00000000 00000000 00000008 00000001 00000000 00000001 00000000 00000000 00000000 00000008 00000000 00000000 00000000 0000006E 00000000 00000010
0000000A 00501001 00000000 00000001 00000008 00000001 00000000 00000001 00000000 00000000 00000000 00000008 00000000 00000000 00000000 0000006E 00000000 00000010
0000000B 0A13500E 00000000 0000000E 00000008 00000001 00000000 00000001 00000000 00000000 00000000 00000008 00000000 00000000 00000000 0000006E 00000000 00000010
0000000C 00230000 00000000 00000000 00000008 00000001 00000000 00000001 00000000 00000000 00000000 00000008 00000000 00000000 00000000 0000006E 00000000 00000010
0000000D 07100018 00000000 00000018 00000001 00000001 00000000 00000001 00000000 00000000 00000000 00000008 00000000 00000000 00000000 0000006E 00000000 00000010
00000018 00DD1003 00000000 00000003 00000001 00000001 00000000 00000001 00000000 00000000 00000000 00000008 00000000 00000000 00000000 0000006E 00000000 00000010
00000019 07F00000 00000000 00000000 00000001 00000001 00000000 00000001 00000000 00000000 00000000 00000008 00000000 00000000 00000000 00000071 00000000 00000010
00000010 00921000 00000000 00000000 00000001 00000001 00000000 00000001 00000000 00000000 00000000 00000008 00000000 00000000 00000000 00000071 00000000 00000010
00000011 0E3D1000 00000000 00000000 00000001 00000001 00000000 00000001 00000000 00000000 00000000 00000001 00000000 00000000 00000000 00000071 00000000 00000010
00000012 01331002 00000000 00000002 00000001 00000002 00000000 00000001 00000000 00000000 00000000 00000001 00000000 00000000 00000000 00000071 00000000 00000010
00000013 0D100006 00000000 00000006 00000001 00000000 00000000 00000001 00000000 00000000 00000000 00000001 00000000 00000000 00000000 00000071 00000000 00000010
00000006 00DD1FFD 00000000 FFFFFFFD 00000001 00000000 00000000 00000001 00000000 00000000 00000000 00000001 00000000 00000000 00000000 00000071 00000000 00000014
00000007 0F9D1002 00000000 00000002 00000001 00000000 00000000 00000001 00000000 00000000 00000000 00000001 00000000 00000000 00000000 0000006E 00000000 00000014
00000008 0FFD1001 00000000 00000001 00000001 00000000 00000000 00000001 00000000 00000000 00000000 00000001 00000000 00000000 00000000 0000006E 00000000 00000014
00000009 0F3D1000 00000000 00000000 00000001 00000000 00000000 00000001 00000000 00000000 00000000 00000001 00000000 00000000 00000000 0000006E 00000000 00000014
0000000A 00501001 00000000 00000001 00000001 00000000 00000000 00000001 00000000 00000000 00000000 00000001 00000000 00000000 00000000 0000006E 00000000 00000014
0000000B 0A13500E 00000000 0000000E 00000001 00000000 00000000 00000001 00000000 00000000 00000000 00000001 00000000 00000000 00000000 0000006E 00000000 00000014
0000000C 00230000 00000000 00000000 00000001 00000000 00000000 00000001 00000000 00000000 00000000 00000001 00000000 00000000 00000000 0000006E 00000000 00000014
0000000D 07100018 00000000 00000018 00000000 00000000 00000000 00000001 00000000 00000000 00000000 00000001 00000000 00000000 00000000 0000006E 00000000 00000014
00000018 00DD1003 00000000 00000003 00000000 00000000 00000000 00000001 00000000 00000000 00000000 00000001 00000000 00000000 00000000 0000006E 00000000 00000014
00000019 07F00000 00000000 00000000 00000000 00000000 00000000 00000001 00000000 00000000 00000000 00000001 00000000 00000000 00000000 00000071 00000000 00000014
00000014 00229000 00000000 00000000 00000000 00000000 00000000 00000001 00000000 00000000 00000000 00000001 00000000 00000000 00000000 00000071 00000000 00000014
00000015 0E3D1000 00000000 00000000 00000001 00000000 00000000 00000001 00000000 00000000 00000000 00000001 00000000 00000000 00000000 00000071 00000000 00000014
00000016 0EFD1001 00000000 00000001 00000001 00000002 00000000 00000001 00000000 00000000 00000000 00000001 00000000 00000000 00000000 00000071 00000000 00000014
00000017 0E9D1002 00000000 00000002 00000001 00000002 00000000 00000001 00000000 00000000 00000000 00000001 00000000 00000000 00000000 00000071 00000000 00000010
00000018 00DD1003 00000000 00000003 00000001 00000002 00000000 00000001 00000000 00000000 00000000 00000008 00000000 00000000 00000000 00000071 00000000 00000010
00000019 07F00000 00000000 00000000 00000001 00000002 00000000 00000001 00000000 00000000 00000000 00000008 00000000 00000000 00000000 00000074 00000000 00000010
00000010 00921000 00000000 00000000 00000001 00000002 00000000 00000001 00000000 00000000 00000000 00000008 00000000 00000000 00000000 00000074 00000000 00000010
00000011 0E3D1000 00000000 00000000 00000001 00000002 00000000 00000001 00000000 00000000 00000000 00000001 00000000 00000000 00000000 00000074 00000000 00000010
00000012 01331002 00000000 00000002 00000001 00000003 00000000 00000001 00000000 00000000 00000000 00000001 00000000 00000000 00000000 00000074 00000000 00000010
00000013 0D100006 00000000 00000006 00000001 00000001 00000000 00000001 00000000 00000000 00000000 00000001 00000000 00000000 00000000 00000074 00000000 00000010
00000006 00DD1FFD 00000000 FFFFFFFD 00000001 00000001 00000000 00000001 00000000 00000000 00000000 00000001 00000000 00000000 00000000 00000074 00000000 00000014
00000007 0F9D1002 00000000 00000002 00000001 00000001 00000000 00000001 00000000 00000000 00000000 00000001 00000000 00000000 00000000 00000071 00000000 00000014
00000008 0FFD1001 00000000 00000001 00000001 00000001 00000000 00000001 00000000 00000000 00000000 00000001 00000000 00000000 00000000 00000071 00000000 00000014
00000009 0F3D1000 00000000 00000000 00000001 00000001 00000000 00000001 00000000 00000000 00000000 00000001 00000000 00000000 00000000 00000071 00000000 00000014
0000000A 00501001 00000000 00000001 00000001 00000001 00000000 00000001 00000000 00000000 00000000 00000001 00000000 00000000 00000000 00000071 00000000 00000014
0000000B 0A13500E 00000000 0000000E 00000001 00000001 00000000 00000001 00000000 00000000 00000000 00000001 00000000 00000000 00000000 00000071 00000000 00000014
0000000C 00230000 00000000 00000000 00000001 00000001 00000000 00000001 00000000 00000000 00000000 00000001 00000000 00000000 00000000 00000071 00000000 00000014
0000000D 07100018 00000000 00000018 00000001 00000001 00000000 00000001 00000000 00000000 00000000 00000001 00000000 00000000 00000000 00000071 00000000 00000014
00000018 00DD1003 00000000 00000003 00000001 00000001 00000000 00000001 00000000 00000000 00000000 00000001 00000000 00000000 00000000 00000071 00000000 00000014
00000019 07F00000 00000000 00000000 00000001 00000001 00000000 00000001 00000000 00000000 00000000 00000001 00000000 00000000 00000000 00000074 00000000 00000014
00000014 00229000 00000000 00000000 00000001 00000001 00000000 00000001 00000000 00000000 00000000 00000001 00000000 00000000 00000000 00000074 00000000 00000014
00000015 0E3D1000 00000000 00000000 00000002 00000001 00000000 00000001 00000000 00000000 00000000 00000001 00000000 00000000 00000000 00000074 00000000 00000014
00000016 0EFD1001 00000000 00000001 00000002 00000003 00000000 00000001 00000000 00000000 00000000 00000001 00000000 00000000 00000000 00000074 00000000 00000014
00000017 0E9D1002 00000000 00000002 00000002 00000003 00000000 00000001 00000000 00000000 00000000 00000001 00000000 00000000 00000000 00000074 00000000 00000010
00000018 00DD1003 00000000 00000003 00000002 00000003 00000000 00000001 00000000 00000000 00000000 00000008 00000000 00000000 00000000 00000074 00000000 00000010
00000019 07F00000 00000000 00000000 00000002 00000003 00000000 00000001 00000000 00000000 00000000 00000008 00000000 00000000 00000000 00000077 00000000 00000010
00000010 00921000 00000000 00000000 00000002 00000003 00000000 00000001 00000000 00000000 00000000 00000008 00000000 00000000 00000000 00000077 00000000 00000010
00000011 0E3D1000 00000000 00000000 00000002 00000003 00000000 00000001 00000000 00000000 00000000 00000002 00000000 00000000 00000000 00000077 00000000 00000010
00000012 01331002 00000000 00000002 00000002 00000004 00000000 00000001 00000000 00000000 00000000 00000002 00000000 00000000 00000000 00000077 00000000 00000010
00000013 0D100006 00000000 00000006 00000002 00000002 00000000 00000001 00000000 00000000 00000000 00000002 00000000 00000000 00000000 00000077 00000000 00000010
00000006 00DD1FFD 00000000 FFFFFFFD 00000002 00000002 00000000 00000001 00000000 00000000 00000000 00000002 00000000 00000000 00000000 00000077 00000000 00000014
00000007 0F9D1002 00000000 00000002 00000002 00000002 00000000 00000001 00000000 00000000 00000000 00000002 00000000 00000000 00000000 00000074 00000000 00000014
00000008 0FFD1001 00000000 00000001 00000002 00000002 00000000 00000001 00000000 00000000 00000000 00000002 00000000 00000000 00000000 00000074 00000000 00000014
00000009 0F3D1000 00000000 00000000 00000002 00000002 00000000 00000001 00000000 00000000 00000000 00000002 00000000 00000000 00000000 00000074 00000000 00000014
0000000A 00501001 00000000 00000001 00000002 00000002 00000000 00000001 00000000 00000000 00000000 00000002 00000000 00000000 00000000 00000074 00000000 00000014
0000000B 0A13500E 00000000 0000000E 00000002 00000002 00000000 00000001 00000000 00000000 00000000 00000002 00000000 00000000 00000000 00000074 00000000 00000014
0000000E 01331001 00000000 00000001 00000002 00000002 00000000 00000001 00000000 00000000 00000000 00000002 00000000 00000000 00000000 00000074 00000000 00000014
0000000F 0D100006 00000000 00000006 00000002 00000001 00000000 00000001 00000000 00000000 00000000 00000002 00000000 00000000 00000000 00000074 00000000 00000014
00000006 00DD1FFD 00000000 FFFFFFFD 00000002 00000001 00000000 00000001 00000000 00000000 00000000 00000002 00000000 00000000 00000000 00000074 00000000 00000010
00000007 0F9D1002 00000000 00000002 00000002 00000001 00000000 00000001 00000000 00000000 00000000 00000002 00000000 00000000 00000000 00000071 00000000 00000010
00000008 0FFD1001 00000000 00000001 00000002 00000001 00000000 00000001 00000000 00000000 00000000 00000002 00000000 00000000 00000000 00000071 00000000 00000010
00000009 0F3D1000 00000000 00000000 00000002 00000001 00000000 00000001 00000000 00000000 00000000 00000002 00000000 00000000 00000000 00000071 00000000 00000010
0000000A 00501001 00000000 00000001 00000002 00000001 00000000 00000001 00000000 00000000 00000000 00000002 00000000 00000000 00000000 00000071 00000000 00000010
0000000B 0A13500E 00000000 0000000E 00000002 00000001 00000000 00000001 00000000 00000000 00000000 00000002 00000000 00000000 00000000 00000071 00000000 00000010
0000000C 00230000 00000000 00000000 00000002 00000001 00000000 00000001 00000000 00000000 00000000 00000002 00000000 00000000 00000000 00000071 00000000 00000010
0000000D 07100018 00000000 00000018 00000001 00000001 00000000 00000001 00000000 00000000 00000000 00000002 00000000 00000000 00000000 00000071 00000000 00000010
00000018 00DD1003 00000000 00000003 00000001 00000001 00000000 00000001 00000000 00000000 00000000 00000002 00000000 00000000 00000000 00000071 00000000 00000010
00000019 07F00000 00000000 00000000 00000001 00000001 00000000 00000001 00000000 00000000 00000000 00000002 00000000 00000000 00000000 00000074 00000000 00000010
00000010 00921000 00000000 00000000 00000001 00000001 00000000 00000001 00000000 00000000 00000000 00000002 00000000 00000000 00000000 00000074 00000000 00000010
00000011 0E3D1000 00000000 00000000 00000001 00000001 00000000 00000001 00000000 00000000 00000000 00000001 00000000 00000000 00000000 00000074 00000000 00000010
00000012 01331002 00000000 00000002 00000001 00000002 00000000 00000001 00000000 00000000 00000000 00000001 00000000 00000000 00000000 00000074 00000000 00000010
00000013 0D100006 00000000 00000006 00000001 00000000 00000000 00000001 00000000 00000000 00000000 00000001 00000000 00000000 00000000 00000074 00000000 00000010
00000006 00DD1FFD 00000000 FFFFFFFD 00000001 00000000 00000000 00000001 00000000 00000000 00000000 00000001 00000000 00000000 00000000 00000074 00000000 00000014
00000007 0F9D1002 00000000 00000002 00000001 00000000 00000000 00000001 00000000 00000000 00000000 00000001 00000000 00000000 00000000 00000071 00000000 00000014
00000008 0FFD1001 00000000 00000001 00000001 00000000 00000000 00000001 00000000 00000000 00000000 00000001 00000000 00000000 00000000 00000071 00000000 00000014
00000009 0F3D1000 00000000 00000000 00000001 00000000 00000000 00000001 00000000 00000000 00000000 00000001 00000000 00000000 00000000 00000071 00000000 00000014
0000000A 00501001 00000000 00000001 00000001 00000000 00000000 00000001 00000000 00000000 00000000 00000001 00000000 00000000 00000000 00000071 00000000 00000014
0000000B 0A13500E 00000000 0000000E 00000001 00000000 00000000 00000001 00000000 00000000 00000000 00000001 00000000 00000000 00000000 00000071 00000000 00000014
0000000C 00230000 00000000 00000000 00000001 00000000 00000000 00000001 00000000 00000000 00000000 00000001 00000000 00000000 00000000 00000071 00000000 00000014
0000000D 07100018 00000000 00000018 00000000 00000000 00000000 00000001 00000000 00000000 00000000 00000001 00000000 00000000 00000000 00000071 00000000 00000014
00000018 00DD1003 00000000 00000003 00000000 00000000 00000000 00000001 00000000 00000000 00000000 00000001 00000000 00000000 00000000 00000071 00000000 00000014
00000019 07F00000 00000000 00000000 00000000 00000000 00000000 00000001 00000000 00000000 00000000 00000001 00000000 00000000 00000000 00000074 00000000 00000014
00000014 00229000 00000000 00000000 00000000 00000000 00000000 00000001 00000000 00000000 00000000 00000001 00000000 00000000 00000000 00000074 00000000 00000014
00000015 0E3D1000 00000000 00000000 00000001 00000000 00000000 00000001 00000000 00000000 00000000 00000001 00000000 00000000 00000000 00000074 00000000 00000014
00000016 0EFD1001 00000000 00000001 00000001 00000002 00000000 00000001 00000000 00000000 00000000 00000001 00000000 00000000 00000000 00000074 00000000 00000014
00000017 0E9D1002 00000000 00000002 00000001 00000002 00000000 00000001 00000000 00000000 00000000 00000001 00000000 00000000 00000000 00000074 00000000 00000014
00000018 00DD1003 00000000 00000003 00000001 00000002 00000000 00000001 00000000 00000000 00000000 00000002 00000000 00000000 00000000 00000074 00000000 00000014
00000019 07F00000 00000000 00000000 00000001 00000002 00000000 00000001 00000000 00000000 00000000 00000002 00000000 00000000 00000000 00000077 00000000 00000014
00000014 00229000 00000000 00000000 00000001 00000002 00000000 00000001 00000000 00000000 00000000 00000002 00000000 00000000 00000000 00000077 00000000 00000014
00000015 0E3D1000 00000000 00000000 00000003 00000002 00000000 00000001 00000000 00000000 00000000 00000002 00000000 00000000 00000000 00000077 00000000 00000014
00000016 0EFD1001 00000000 00000001 00000003 00000004 00000000 00000001 00000000 00000000 00000000 00000002 00000000 00000000 00000000 00000077 00000000 00000014
00000017 0E9D1002 00000000 00000002 00000003 00000004 00000000 00000001 00000000 00000000 00000000 00000002 00000000 00000000 00000000 00000077 00000000 00000010
00000018 00DD1003 00000000 00000003 00000003 00000004 00000000 00000001 00000000 00000000 00000000 00000008 00000000 00000000 00000000 00000077 00000000 00000010
00000019 07F00000 00000000 00000000 00000003 00000004 00000000 00000001 00000000 00000000 00000000 00000008 00000000 00000000 00000000 0000007A 00000000 00000010
00000010 00921000 00000000 00000000 00000003 00000004 00000000 00000001 00000000 00000000 00000000 00000008 00000000 00000000 00000000 0000007A 00000000 00000010
00000011 0E3D1000 00000000 00000000 00000003 00000004 00000000 00000001 00000000 00000000 00000000 00000003 00000000 00000000 00000000 0000007A 00000000 00000010
00000012 01331002 00000000 00000002 00000003 00000005 00000000 00000001 00000000 00000000 00000000 00000003 00000000 00000000 00000000 0000007A 00000000 00000010
00000013 0D100006 00000000 00000006 00000003 00000003 00000000 00000001 00000000 00000000 00000000 00000003 00000000 00000000 00000000 0000007A 00000000 00000010
00000006 00DD1FFD 00000000 FFFFFFFD 00000003 00000003 00000000 00000001 00000000 00000000 00000000 00000003 00000000 00000000 00000000 0000007A 00000000 00000014
00000007 0F9D1002 00000000 00000002 00000003 00000003 00000000 00000001 00000000 00000000 00000000 00000003 00000000 00000000 00000000 00000077 00000000 00000014
00000008 0FFD1001 00000000 00000001 00000003 00000003 00000000 00000001 00000000 00000000 00000000 00000003 00000000 00000000 00000000 00000077 00000000 00000014
00000009 0F3D1000 00000000 00000000 00000003 00000003 00000000 00000001 00000000 00000000 00000000 00000003 00000000 00000000 00000000 00000077 00000000 00000014
0000000A 00501001 00000000 00000001 00000003 00000003 00000000 00000001 00000000 00000000 00000000 00000003 00000000 00000000 00000000 00000077 00000000 00000014
0000000B 0A13500E 00000000 0000000E 00000003 00000003 00000000 00000001 00000000 00000000 00000000 00000003 00000000 00000000 00000000 00000077 00000000 00000014
0000000E 01331001 00000000 00000001 00000003 00000003 00000000 00000001 00000000 00000000 00000000 00000003 00000000 00000000 00000000 00000077 00000000 00000014
0000000F 0D100006 00000000 00000006 00000003 00000002 00000000 00000001 00000000 00000000 00000000 00000003 00000000 00000000 00000000 00000077 00000000 00000014
00000006 00DD1FFD 00000000 FFFFFFFD 00000003 00000002 00000000 00000001 00000000 00000000 00000000 00000003 00000000 00000000 00000000 00000077 00000000 00000010
00000007 0F9D1002 00000000 00000002 00000003 00000002 00000000 00000001 00000000 00000000 00000000 00000003 00000000 00000000 00000000 00000074 00000000 00000010
00000008 0FFD1001 00000000 00000001 00000003 00000002 00000000 00000001 00000000 00000000 00000000 00000003 00000000 00000000 00000000 00000074 00000000 00000010
00000009 0F3D1000 00000000 00000000 00000003 00000002 00000000 00000001 00000000 00000000 00000000 00000003 00000000 00000000 00000000 00000074 00000000 00000010
0000000A 00501001 00000000 00000001 00000003 00000002 00000000 00000001 00000000 00000000 00000000 00000003 00000000 00000000 00000000 00000074 00000000 00000010
0000000B 0A13500E 00000000 0000000E 00000003 00000002 00000000 00000001 00000000 00000000 00000000 00000003 00000000 00000000 00000000 00000074 00000000 00000010
0000000E 01331001 00000000 00000001 00000003 00000002 00000000 00000001 00000000 00000000 00000000 00000003 00000000 00000000 00000000 00000074 00000000 00000010
0000000F 0D100006 00000000 00000006 00000003 00000001 00000000 00000001 00000000 00000000 00000000 00000003 00000000 00000000 00000000 00000074 00000000 00000010
00000006 00DD1FFD 00000000 FFFFFFFD 00000003 00000001 00000000 00000001 00000000 00000000 00000000 00000003 00000000 00000000 00000000 00000074 00000000 00000010
00000007 0F9D1002 00000000 00000002 00000003 00000001 00000000 00000001 00000000 00000000 00000000 00000003 00000000 00000000 00000000 00000071 00000000 00000010
00000008 0FFD1001 00000000 00000001 00000003 00000001 00000000 00000001 00000000 00000000 00000000 00000003 00000000 00000000 00000000 00000071 00000000 00000010
00000009 0F3D1000 00000000 00000000 00000003 00000001 00000000 00000001 00000000 00000000 00000000 00000003 00000000 00000000 00000000 00000071 00000000 00000010
0000000A 00501001 00000000 00000001 00000003 00000001 00000000 00000001 00000000 00000000 00000000 00000003 00000000 00000000 00000000 00000071 00000000 00000010
0000000B 0A13500E 00000000 0000000E 00000003 00000001 00000000 00000001 00000000 00000000 00000000 00000003 00000000 00000000 00000000 00000071 00000000 00000010
0000000C 00230000 00000000 00000000 00000003 00000001 00000000 00000001 00000000 00000000 00000000 00000003 00000000 00000000 00000000 00000071 00000000 00000010
0000000D 07100018 00000000 00000018 00000001 00000001 00000000 00000001 00000000 00000000 00000000 00000003 00000000 00000000 00000000 00000071 00000000 00000010
00000018 00DD1003 00000000 00000003 00000001 00000001 00000000 00000001 00000000 00000000 00000000 00000003 00000000 00000000 00000000 00000071 00000000 00000010
00000019 07F00000 00000000 00000000 00000001 00000001 00000000 00000001 00000000 00000000 00000000 00000003 00000000 00000000 00000000 00000074 00000000 00000010
00000010 00921000 00000000 00000000 00000001 00000001 00000000 00000001 00000000 00000000 00000000 00000003 00000000 00000000 00000000 00000074 00000000 00000010
00000011 0E3D1000 00000000 00000000 00000001 00000001 00000000 00000001 00000000 00000000 00000000 00000001 00000000 00000000 00000000 00000074 00000000 00000010
00000012 01331002 00000000 00000002 00000001 00000002 00000000 00000001 00000000 00000000 00000000 00000001 00000000 00000000 00000000 00000074 00000000 00000010
00000013 0D100006 00000000 00000006 00000001 00000000 00000000 00000001 00000000 00000000 00000000 00000001 00000000 00000000 00000000 00000074 00000000 00000010
00000006 00DD1FFD 00000000 FFFFFFFD 00000001 00000000 00000000 00000001 00000000 00000000 00000000 00000001 00000000 00000000 00000000 00000074 00000000 00000014
00000007 0F9D1002 00000000 00000002 00000001 00000000 00000000 00000001 00000000 00000000 00000000 00000001 00000000 00000000 00000000 00000071 00000000 00000014
00000008 0FFD1001 00000000 00000001 00000001 00000000 00000000 00000001 00000000 00000000 00000000 00000001 00000000 00000000 00000000 00000071 00000000 00000014
00000009 0F3D1000 00000000 00000000 00000001 00000000 00000000 00000001 00000000 00000000 00000000 00000001 00000000 00000000 00000000 00000071 00000000 00000014
0000000A 00501001 00000000 00000001 00000001 00000000 00000000 00000001 00000000 00000000 00000000 00000001 00000000 00000000 00000000 00000071 00000000 00000014
0000000B 0A13500E 00000000 0000000E 00000001 00000000 00000000 00000001 00000000 00000000 00000000 00000001 00000000 00000000 00000000 00000071 00000000 00000014
0000000C 00230000 00000000 00000000 00000001 00000000 00000000 00000001 00000000 00000000 00000000 00000001 00000000 00000000 00000000 00000071 00000000 00000014
0000000D 07100018 00000000 00000018 00000000 00000000 00000000 00000001 00000000 00000000 00000000 00000001 00000000 00000000 00000000 00000071 00000000 00000014
00000018 00DD1003 00000000 00000003 00000000 00000000 00000000 00000001 00000000 00000000 00000000 00000001 00000000 00000000 00000000 00000071 00000000 00000014
00000019 07F00000 00000000 00000000 00000000 00000000 00000000 00000001 00000000 00000000 00000000 00000001 00000000 00000000 00000000 00000074 00000000 00000014
00000014 00229000 00000000 00000000 00000000 00000000 00000000 00000001 00000000 00000000 00000000 00000001 00000000 00000000 00000000 00000074 00000000 00000014
00000015 0E3D1000 00000000 00000000 00000001 00000000 00000000 00000001 00000000 00000000 00000000 00000001 00000000 00000000 00000000 00000074 00000000 00000014
00000016 0EFD1001 00000000 00000001 00000001 00000002 00000000 00000001 00000000 00000000 00000000 00000001 00000000 00000000 00000000 00000074 00000000 00000014
00000017 0E9D1002 00000000 00000002 00000001 00000002 00000000 00000001 00000000 00000000 00000000 00000001 00000000 00000000 00000000 00000074 00000000 00000010
00000018 00DD1003 00000000 00000003 00000001 00000002 00000000 00000001 00000000 00000000 00000000 00000003 00000000 00000000 00000000 00000074 00000000 00000010
00000019 07F00000 00000000 00000000 00000001 00000002 00000000 00000001 00000000 00000000 00000000 00000003 00000000 00000000 00000000 00000077 00000000 00000010
00000010 00921000 00000000 00000000 00000001 00000002 00000000 00000001 00000000 00000000 00000000 00000003 00000000 00000000 00000000 00000077 00000000 00000010
00000011 0E3D1000 00000000 00000000 00000001 00000002 00000000 00000001 00000000 00000000 00000000 00000001 00000000 00000000 00000000 00000077 00000000 00000010
00000012 01331002 00000000 00000002 00000001 00000003 00000000 00000001 00000000 00000000 00000000 00000001 00000000 00000000 00000000 00000077 00000000 00000010
00000013 0D100006 00000000 00000006 00000001 00000001 00000000 00000001 00000000 00000000 00000000 00000001 00000000 00000000 00000000 00000077 00000000 00000010
00000006 00DD1FFD 00000000 FFFFFFFD 00000001 00000001 00000000 00000001 00000000 00000000 00000000 00000001 00000000 00000000 00000000 00000077 00000000 00000014
00000007 0F9D1002 00000000 00000002 00000001 00000001 00000000 00000001 00000000 00000000 00000000 00000001 00000000 00000000 00000000 00000074 00000000 00000014
00000008 0FFD1001 00000000 00000001 00000001 00000001 00000000 00000001 00000000 00000000 00000000 00000001 00000000 00000000 00000000 00000074 00000000 00000014
00000009 0F3D1000 00000000 00000000 00000001 00000001 00000000 00000001 00000000 00000000 00000000 00000001 00000000 00000000 00000000 00000074 00000000 00000014
0000000A 00501001 00000000 00000001 00000001 00000001 00000000 00000001 00000000 00000000 00000000 00000001 00000000 00000000 00000000 00000074 00000000 00000014
0000000B 0A13500E 00000000 0000000E 00000001 00000001 00000000 00000001 00000000 00000000 00000000 00000001 00000000 00000000 00000000 00000074 00000000 00000014
0000000C 00230000 00000000 00000000 00000001 00000001 00000000 00000001 00000000 00000000 00000000 00000001 00000000 00000000 00000000 00000074 00000000 00000014
0000000D 07100018 00000000 00000018 00000001 00000001 00000000 00000001 00000000 00000000 00000000 00000001 00000000 00000000 00000000 00000074 00000000 00000014
00000018 00DD1003 00000000 00000003 00000001 00000001 00000000 00000001 00000000 00000000 00000000 00000001 00000000 00000000 00000000 00000074 00000000 00000014
00000019 07F00000 00000000 00000000 00000001 00000001 00000000 00000001 00000000 00000000 00000000 00000001 00000000 00000000 00000000 00000077 00000000 00000014
00000014 00229000 00000000 00000000 00000001 00000001 00000000 00000001 00000000 00000000 00000000 00000001 00000000 00000000 00000000 00000077 00000000 00000014
00000015 0E3D1000 00000000 00000000 00000002 00000001 00000000 00000001 00000000 00000000 00000000 00000001 00000000 00000000 00000000 00000077 00000000 00000014
00000016 0EFD1001 00000000 00000001 00000002 00000003 00000000 00000001 00000000 00000000 00000000 00000001 00000000 00000000 00000000 00000077 00000000 00000014
00000017 0E9D1002 00000000 00000002 00000002 00000003 00000000 00000001 00000000 00000000 00000000 00000001 00000000 00000000 00000000 00000077 00000000 00000014
00000018 00DD1003 00000000 00000003 00000002 00000003 00000000 00000001 00000000 00000000 00000000 00000003 00000000 00000000 00000000 00000077 00000000 00000014
00000019 07F00000 00000000 00000000 00000002 00000003 00000000 00000001 00000000 00000000 00000000 00000003 00000000 00000000 00000000 0000007A 00000000 00000014
00000014 00229000 00000000 00000000 00000002 00000003 00000000 00000001 00000000 00000000 00000000 00000003 00000000 00000000 00000000 0000007A 00000000 00000014
00000015 0E3D1000 00000000 00000000 00000005 00000003 00000000 00000001 00000000 00000000 00000000 00000003 00000000 00000000 00000000 0000007A 00000000 00000014
00000016 0EFD1001 00000000 00000001 00000005 00000005 00000000 00000001 00000000 00000000 00000000 00000003 00000000 00000000 00000000 0000007A 00000000 00000014
00000017 0E9D1002 00000000 00000002 00000005 00000005 00000000 00000001 00000000 00000000 00000000 00000003 00000000 00000000 00000000 0000007A 00000000 00000014
00000018 00DD1003 00000000 00000003 00000005 00000005 00000000 00000001 00000000 00000000 00000000 00000008 00000000 00000000 00000000 0000007A 00000000 00000014
00000019 07F00000 00000000 00000000 00000005 00000005 00000000 00000001 00000000 00000000 00000000 00000008 00000000 00000000 00000000 0000007D 00000000 00000014
00000014 00229000 00000000 00000000 00000005 00000005 00000000 00000001 00000000 00000000 00000000 00000008 00000000 00000000 00000000 0000007D 00000000 00000014
00000015 0E3D1000 00000000 00000000 0000000D 00000005 00000000 00000001 00000000 00000000 00000000 00000008 00000000 00000000 00000000 0000007D 00000000 00000014
00000016 0EFD1001 00000000 00000001 0000000D 00000007 00000000 00000001 00000000 00000000 00000000 00000008 00000000 00000000 00000000 0000007D 00000000 00000014
00000017 0E9D1002 00000000 00000002 0000000D 00000007 00000000 00000001 00000000 00000000 00000000 00000008 00000000 00000000 00000000 0000007D 00000000 00000004
00000018 00DD1003 00000000 00000003 0000000D 00000007 00000000 00000001 00000000 00000000 00000000 00000000 00000000 00000000 00000000 0000007D 00000000 00000004
00000019 07F00000 00000000 00000000 0000000D 00000007 00000000 00000001 00000000 00000000 00000000 00000000 00000000 00000000 00000000 00000080 00000000 00000004
00000004 0F201021 00000000 00000021 0000000D 00000007 00000000 00000001 00000000 00000000 00000000 00000000 00000000 00000000 00000000 00000080 00000000 00000004
00000005 13000000 00000000 00000000 0000000D 00000007 00000000 00000001 00000000 00000000 00000000 00000000 00000000 00000000 00000000 00000080 00000000 00000004
